                            DMB team batting -- 1993 Needmore Perfectos                             
                              League championship -- as of 10/27/1993                               

S Name               P    AVG   OBP   SPC    G   AB    H  2B  3B  HR    R  RBI   BB    K HBP  IW  SB  CS 
  Hale*              dh  .533  .632  .533    5   15    8   0   0   0    4    3    2    3   2   0   0   0 
  Wilkins*           c   .500  .579 1.188    5   16    8   2   0   3    6   10    3    5   0   0   0   0 
  Sheffield          3b  .444  .444  .778    4    9    4   1   1   0    1    4    0    1   0   0   0   0 
  Whitaker*          2b  .444  .583  .444    5    9    4   0   0   0    4    0    3    2   0   0   0   1 
  Olerud*            1b  .350  .480  .600    5   20    7   3   1   0    7    6    3    5   2   0   0   0 
  DeShields*         2b  .333  .500  .500    5    6    2   1   0   0    1    0    2    1   0   0   0   0 
  Griffey*           cf  .294  .500  .706    5   17    5   1   0   2    9    5    6    5   1   0   0   0 
  Amaral             2b  .286  .375  .286    5   14    4   0   0   0    3    1    2    2   0   0   0   0 
  Voigt              lf  .273  .429  .545    4   11    3   1   1   0    2    2    3    4   0   0   0   0 
  Clark              1b  .222  .222  .556    5    9    2   0   0   1    1    2    0    2   0   0   0   0 
  Tartabull          dh  .200  .316  .200    5   15    3   0   0   0    3    6    2    5   1   0   0   0 
  Bell               cf  .167  .167  .667    4    6    1   0   0   1    1    1    0    3   0   0   0   0 
  Merced*            rf  .143  .400  .143    5    7    1   0   0   0    1    0    3    4   0   0   0   0 
  Smith,L            lf  .083  .267  .083    4   12    1   0   0   0    1    1    2    3   1   0   0   0 
  Hemond             c   .000  .000  .000    2    2    0   0   0   0    0    0    0    1   0   0   0   0 
  Olson              cl  .000  .000  .000    3    0    0   0   0   0    0    0    0    0   0   0   0   0 
  McDonald           sp  .000  .000  .000    1    3    0   0   0   0    0    0    0    1   0   0   0   0 
  Darwin             sp  .000  .000  .000    2    6    0   0   0   0    0    0    0    3   0   0   0   0 
  Russell            cl  .000  .000  .000    3    1    0   0   0   0    0    0    0    0   0   0   0   0 
  Finley*            sp  .000  .000  .000    1    0    0   0   0   0    0    0    0    0   0   0   0   0 
  Key                sp  .000  .000  .000    1    0    0   0   0   0    0    0    0    0   0   0   0   0 
  Bedrosian          mr  .000  .000  .000    3    1    0   0   0   0    0    0    0    1   0   0   0   0 
f Boucher            sp  .000  .000  .000    1    2    0   0   0   0    0    0    0    2   0   0   0   0 
f Johnston           mr  .000  .000  .000    3    0    0   0   0   0    0    0    0    0   0   0   0   0 
  Belinda            cl  .000  .000  .000    1    1    0   0   0   0    0    0    0    0   0   0   0   0 
  Total                  .291  .412  .489    5  182   53   9   3   7   44   41   31   53   7   0   0   1 



S Name               P   GS   PA  SH  SF GDP  GW CI   OPS      RC RC27   ISO  TAVG   SEC EBH   TB CH LH 
  Hale*              dh   3   19   0   0   0   1  0 1.165     5.7 22.0  .000 1.714  .133   0    8  4  4 
  Wilkins*           c    3   19   0   0   0   1  0 1.766    11.5 38.6  .688 2.750  .875   5   19  5  5 
  Sheffield          3b   3    9   0   0   0   0  0 1.222     3.1 16.8  .333 1.400  .333   2    7  2  2 
  Whitaker*          2b   3   12   0   0   0   0  0 1.028     2.4 10.8  .000 1.167  .222   0    4  2  2 
  Olerud*            1b   5   25   0   0   2   1  0 1.080     5.3  9.6  .250 1.133  .400   4   12  0  4 
  DeShields*         2b   2    8   0   0   0   0  0 1.000     1.8 11.9  .167 1.250  .500   1    3  0  1 
  Griffey*           cf   5   24   0   0   0   0  0 1.206     6.9 15.5  .412 1.583  .765   3   12  0  4 
  Amaral             2b   2   16   0   0   1   0  0  .661     1.4  3.5  .000  .545  .143   0    4  0  3 
  Voigt              lf   2   14   0   0   0   0  0  .974     2.9  9.8  .273 1.125  .545   2    6  2  2 
  Clark              1b   2    9   0   0   0   0  0  .778     1.1  4.3  .333  .714  .333   1    5  0  2 
  Tartabull          dh   3   19   0   1   0   0  0  .516     1.4  2.8  .000  .500  .133   0    3  1  2 
  Bell               cf   2    6   0   0   0   0  0  .833     0.7  3.6  .500  .800  .500   1    4  1  1 
  Merced*            rf   3   10   0   0   0   0  0  .543     0.7  3.2  .000  .667  .429   0    1  0  1 
  Smith,L            lf   2   15   0   0   0   0  0  .350     0.5  1.2  .000  .364  .167   0    1  0  1 
  Hemond             c    0    2   0   0   0   0  0  .000     0.0  0.0  .000  .000  .000   0    0  0  0 
  Olson              cl   0    0   0   0   0   0  0  .000     0.0  0.0  .000  .000  .000   0    0  0  0 
  McDonald           sp   1    3   0   0   0   0  0  .000     0.0  0.0  .000  .000  .000   0    0  0  0 
  Darwin             sp   2    6   0   0   0   0  0  .000     0.0  0.0  .000  .000  .000   0    0  0  0 
  Russell            cl   0    1   0   0   0   0  0  .000     0.0  0.0  .000  .000  .000   0    0  0  0 
  Finley*            sp   0    0   0   0   0   0  0  .000     0.0  0.0  .000  .000  .000   0    0  0  0 
  Key                sp   1    0   0   0   0   0  0  .000     0.0  0.0  .000  .000  .000   0    0  0  0 
  Bedrosian          mr   0    1   0   0   0   0  0  .000     0.0  0.0  .000  .000  .000   0    0  0  0 
f Boucher            sp   1    2   0   0   0   0  0  .000     0.0  0.0  .000  .000  .000   0    0  0  0 
f Johnston           mr   0    0   0   0   0   0  0  .000     0.0  0.0  .000  .000  .000   0    0  0  0 
  Belinda            cl   0    1   0   0   0   0  0  .000     0.0  0.0  .000  .000  .000   0    0  0  0 
  Total                   5  221   0   1   3   3  0  .901    39.1  7.9  .198  .955  .363  19   89       
                            DMB team batting -- 1993 Needmore Perfectos                             
                              League championship -- as of 10/27/1993                               

S Name               P  PA/G AB/G  BIP IPAVG  TBW TBW/PA TBWH TBWH/PA K/BB 
  Hale*              dh 3.80 3.00   12  .667   10   .526   12    .632  1.5 
  Wilkins*           c  3.80 3.20    8  .625   22  1.158   22   1.158  1.7 
  Sheffield          3b 2.25 2.25    8  .500    7   .778    7    .778 99.0 
  Whitaker*          2b 2.40 1.80    7  .571    7   .583    7    .583  0.7 
  Olerud*            1b 5.00 4.00   15  .467   15   .600   17    .680  1.7 
  DeShields*         2b 1.60 1.20    5  .400    5   .625    5    .625  0.5 
  Griffey*           cf 4.80 3.40   10  .300   18   .750   19    .792  0.8 
  Amaral             2b 3.20 2.80   12  .333    6   .375    6    .375  1.0 
  Voigt              lf 3.50 2.75    7  .429    9   .643    9    .643  1.3 
  Clark              1b 1.80 1.80    6  .167    5   .556    5    .556 99.0 
  Tartabull          dh 3.80 3.00   11  .273    5   .263    6    .316  2.5 
  Bell               cf 1.50 1.50    2  .000    4   .667    4    .667 99.0 
  Merced*            rf 2.00 1.40    3  .333    4   .400    4    .400  1.3 
  Smith,L            lf 3.75 3.00    9  .111    3   .200    4    .267  1.5 
  Hemond             c  1.00 1.00    1  .000    0   .000    0    .000 99.0 
  Olson              cl 0.00 0.00    0  .000    0   .000    0    .000  0.0 
  McDonald           sp 3.00 3.00    2  .000    0   .000    0    .000 99.0 
  Darwin             sp 3.00 3.00    3  .000    0   .000    0    .000 99.0 
  Russell            cl 0.33 0.33    1  .000    0   .000    0    .000  0.0 
  Finley*            sp 0.00 0.00    0  .000    0   .000    0    .000  0.0 
  Key                sp 0.00 0.00    0  .000    0   .000    0    .000  0.0 
  Bedrosian          mr 0.33 0.33    0  .000    0   .000    0    .000 99.0 
f Boucher            sp 2.00 2.00    0  .000    0   .000    0    .000 99.0 
f Johnston           mr 0.00 0.00    0  .000    0   .000    0    .000  0.0 
  Belinda            cl 1.00 1.00    1  .000    0   .000    0    .000  0.0 
  Total                 44.2 36.4  123  .374  120   .543  127    .575  1.7 



                        --------------------Versus Left-handed Pitchers-------------------- 
S Name               P    AVG   OBP   SPC   OPS    AB     H   2B   3B   HR   RBI   BB     K 
  Hale*              dh  .000  .333  .000  .333     2     0    0    0    0     0    1     1 
  Wilkins*           c   .667  .750 1.667 2.417     3     2    0    0    1     3    1     1 
  Sheffield          3b  .000  .000  .000  .000     2     0    0    0    0     0    0     0 
  Whitaker*          2b  .000  .000  .000  .000     1     0    0    0    0     0    0     0 
  Olerud*            1b  .250  .400  .375  .775     8     2    1    0    0     2    0     1 
  DeShields*         2b  .333  .429  .500  .929     6     2    1    0    0     0    1     1 
  Griffey*           cf  .143  .455  .143  .597     7     1    0    0    0     1    3     3 
  Amaral             2b  .125  .300  .125  .425     8     1    0    0    0     0    2     2 
  Voigt              lf  .286  .444  .429  .873     7     2    1    0    0     0    2     2 
  Clark              1b  .333  .333  .833 1.167     6     2    0    0    1     2    0     1 
  Tartabull          dh  .000  .000  .000  .000     3     0    0    0    0     1    0     0 
  Bell               cf  .200  .200  .800 1.000     5     1    0    0    1     1    0     3 
  Merced*            rf  .000  .000  .000  .000     0     0    0    0    0     0    0     0 
  Smith,L            lf  .125  .300  .125  .425     8     1    0    0    0     1    1     2 
  Hemond             c   .000  .000  .000  .000     1     0    0    0    0     0    0     1 
  Olson              cl  .000  .000  .000  .000     0     0    0    0    0     0    0     0 
  McDonald           sp  .000  .000  .000  .000     1     0    0    0    0     0    0     0 
  Darwin             sp  .000  .000  .000  .000     3     0    0    0    0     0    0     1 
  Russell            cl  .000  .000  .000  .000     0     0    0    0    0     0    0     0 
  Finley*            sp  .000  .000  .000  .000     0     0    0    0    0     0    0     0 
  Key                sp  .000  .000  .000  .000     0     0    0    0    0     0    0     0 
  Bedrosian          mr  .000  .000  .000  .000     1     0    0    0    0     0    0     1 
f Boucher            sp  .000  .000  .000  .000     2     0    0    0    0     0    0     2 
f Johnston           mr  .000  .000  .000  .000     0     0    0    0    0     0    0     0 
  Belinda            cl  .000  .000  .000  .000     0     0    0    0    0     0    0     0 
  Total                  .189  .322  .351  .674    74    14    3    0    3    11   11    22 
                            DMB team batting -- 1993 Needmore Perfectos                             
                              League championship -- as of 10/27/1993                               

                        --------------------Versus Right-handed Pitchers------------------- 
S Name               P    AVG   OBP   SPC   OPS    AB     H   2B   3B   HR   RBI   BB     K 
  Hale*              dh  .615  .688  .615 1.303    13     8    0    0    0     3    1     2 
  Wilkins*           c   .462  .533 1.077 1.610    13     6    2    0    2     7    2     4 
  Sheffield          3b  .571  .571 1.000 1.571     7     4    1    1    0     4    0     1 
  Whitaker*          2b  .500  .636  .500 1.136     8     4    0    0    0     0    3     2 
  Olerud*            1b  .417  .533  .750 1.283    12     5    2    1    0     4    3     4 
  DeShields*         2b  .000 1.000  .000 1.000     0     0    0    0    0     0    1     0 
  Griffey*           cf  .400  .538 1.100 1.638    10     4    1    0    2     4    3     2 
  Amaral             2b  .500  .500  .500 1.000     6     3    0    0    0     1    0     0 
  Voigt              lf  .250  .400  .750 1.150     4     1    0    1    0     2    1     2 
  Clark              1b  .000  .000  .000  .000     3     0    0    0    0     0    0     1 
  Tartabull          dh  .250  .400  .250  .650    12     3    0    0    0     5    2     5 
  Bell               cf  .000  .000  .000  .000     1     0    0    0    0     0    0     0 
  Merced*            rf  .143  .400  .143  .543     7     1    0    0    0     0    3     4 
  Smith,L            lf  .000  .200  .000  .200     4     0    0    0    0     0    1     1 
  Hemond             c   .000  .000  .000  .000     1     0    0    0    0     0    0     0 
  Olson              cl  .000  .000  .000  .000     0     0    0    0    0     0    0     0 
  McDonald           sp  .000  .000  .000  .000     2     0    0    0    0     0    0     1 
  Darwin             sp  .000  .000  .000  .000     3     0    0    0    0     0    0     2 
  Russell            cl  .000  .000  .000  .000     1     0    0    0    0     0    0     0 
  Finley*            sp  .000  .000  .000  .000     0     0    0    0    0     0    0     0 
  Key                sp  .000  .000  .000  .000     0     0    0    0    0     0    0     0 
  Bedrosian          mr  .000  .000  .000  .000     0     0    0    0    0     0    0     0 
f Boucher            sp  .000  .000  .000  .000     0     0    0    0    0     0    0     0 
f Johnston           mr  .000  .000  .000  .000     0     0    0    0    0     0    0     0 
  Belinda            cl  .000  .000  .000  .000     1     0    0    0    0     0    0     0 
  Total                  .361  .473  .583 1.057   108    39    6    3    4    30   20    31 

                             DMB team batting -- 1993 Chinatrust Whales                             
                              League championship -- as of 10/27/1993                               

S Name               P    AVG   OBP   SPC    G   AB    H  2B  3B  HR    R  RBI   BB    K HBP  IW  SB  CS 
  Carreon            rf 1.000 1.000 1.000    1    1    1   0   0   0    0    0    0    0   0   0   0   0 
  Fielder            1b  .500  .625  .500    2    6    3   0   0   0    3    1    2    1   0   0   0   0 
  Chamberlain        rf  .500  .500 1.000    2    8    4   1   0   1    2    4    0    0   0   0   0   0 
  DiPoto             cl  .500  .500  .500    2    2    1   0   0   0    0    1    0    0   0   0   0   0 
f Amaro#             rf  .444  .444  .444    2    9    4   0   0   0    2    3    0    0   0   0   0   0 
  Valle              c   .429  .429  .857    3    7    3   0   0   1    1    1    0    0   0   0   0   0 
  Clark*             1b  .375  .412  .625    5   16    6   1   0   1    3    1    1    2   0   0   0   0 
  O'Neill*           rf  .353  .353  .647    5   17    6   2   0   1    1    2    0    1   0   0   0   0 
  Thompson           2b  .300  .333  .550    5   20    6   2   0   1    3    6    1    5   0   0   0   0 
  Pagliarulo*        3b  .294  .294  .529    5   17    5   1   0   1    2    1    0    5   0   0   0   0 
  Kreuter#           c   .267  .313  .400    5   15    4   2   0   0    0    1    1    2   0   1   0   0 
  Gagne              ss  .250  .308  .250    3   12    3   0   0   0    2    0    1    3   0   0   0   0 
  James*             lf  .214  .214  .286    4   14    3   1   0   0    0    0    0    1   0   0   0   0 
  Pavlik             sp  .200  .200  .200    2    5    1   0   0   0    1    0    0    1   0   0   0   0 
  Gallego            ss  .167  .167  .333    5   12    2   0   1   0    1    1    0    2   0   0   0   0 
  Raines#            lf  .118  .348  .118    5   17    2   0   0   0    3    0    6    2   0   1   1   0 
  Plantier*          lf  .000  .000  .000    4    3    0   0   0   0    0    0    0    0   0   0   0   0 
  Staton             1b  .000  .000  .000    2    2    0   0   0   0    0    0    0    1   0   0   0   0 
  Poole*             mr  .000  .000  .000    4    0    0   0   0   0    0    0    0    0   0   0   0   0 
  Eldred             sp  .000  .000  .000    1    1    0   0   0   0    0    0    0    1   0   0   0   0 
  Johnson            sp  .000  .000  .000    2    5    0   0   0   0    0    0    0    0   0   0   0   0 
  Ward,D             cl  .000  .000  .000    2    0    0   0   0   0    0    0    0    0   0   0   0   0 
  Bautista           mr  .000  .000  .000    2    0    0   0   0   0    0    0    0    0   0   0   0   0 
  Gott               cl  .000  .000  .000    2    0    0   0   0   0    0    0    0    0   0   0   0   0 
f Martinez*          mr  .000  .000  .000    3    0    0   0   0   0    0    0    0    0   0   0   0   0 
  Total                  .286  .328  .444    5  189   54  10   1   6   24   22   12   27   0   2   1   0 



S Name               P   GS   PA  SH  SF GDP  GW CI   OPS      RC RC27   ISO  TAVG   SEC EBH   TB CH LH 
  Carreon            rf   0    1   0   0   0   0  0 2.000     1.0  0.0  .000  .000  .000   0    1  1  1 
  Fielder            1b   2    8   0   0   0   0  0 1.125     2.2 19.8  .000 1.667  .333   0    3  2  2 
  Chamberlain        rf   2    8   0   0   0   0  0 1.500     4.0 27.0  .500 2.000  .500   2    8  2  2 
  DiPoto             cl   0    2   0   0   0   0  0 1.000     0.5 13.5  .000 1.000  .000   0    1  0  1 
f Amaro#             rf   2    9   0   0   0   1  0  .889     1.8  9.6  .000  .800  .000   0    4  2  2 
  Valle              c    2    7   0   0   1   0  0 1.286     1.7  9.3  .429 1.200  .429   1    6  3  3 
  Clark*             1b   3   17   0   0   0   0  0 1.037     4.2 11.4  .250 1.100  .313   2   10  3  3 
  O'Neill*           rf   3   17   0   0   0   0  0 1.000     3.9  9.5  .294 1.000  .294   3   11  1  1 
  Thompson           2b   5   22   1   0   0   0  0  .883     3.7  6.7  .250  .857  .300   3   11  1  3 
  Pagliarulo*        3b   4   17   0   0   0   0  0  .824     2.6  6.0  .235  .750  .235   2    9  1  1 
  Kreuter#           c    3   16   0   0   0   0  0  .712     1.9  4.6  .133  .636  .200   2    6  3  3 
  Gagne              ss   3   13   0   0   0   0  0  .558     1.0  3.0  .000  .444  .083   0    3  3  3 
  James*             lf   3   15   1   0   0   0  0  .500     0.9  2.0  .071  .364  .071   1    4  1  2 
  Pavlik             sp   2    5   0   0   1   0  0  .400     0.0  0.0  .000  .200  .000   0    1  0  1 
  Gallego            ss   3   12   0   0   1   0  0  .500     0.3  0.8  .167  .364  .167   1    4  0  1 
  Raines#            lf   5   23   0   0   1   0  0  .465     1.2  2.0  .000  .563  .412   0    2  0  1 
  Plantier*          lf   0    3   0   0   0   0  0  .000     0.0  0.0  .000  .000  .000   0    0  0  0 
  Staton             1b   0    2   0   0   0   0  0  .000     0.0  0.0  .000  .000  .000   0    0  0  0 
  Poole*             mr   0    0   0   0   0   0  0  .000     0.0  0.0  .000  .000  .000   0    0  0  0 
  Eldred             sp   1    1   0   0   0   0  0  .000     0.0  0.0  .000  .000  .000   0    0  0  0 
  Johnson            sp   2    5   0   0   0   0  0  .000     0.0  0.0  .000  .000  .000   0    0  0  0 
  Ward,D             cl   0    0   0   0   0   0  0  .000     0.0  0.0  .000  .000  .000   0    0  0  0 
  Bautista           mr   0    0   0   0   0   0  0  .000     0.0  0.0  .000  .000  .000   0    0  0  0 
  Gott               cl   0    0   0   0   0   0  0  .000     0.0  0.0  .000  .000  .000   0    0  0  0 
f Martinez*          mr   0    0   0   0   0   0  0  .000     0.0  0.0  .000  .000  .000   0    0  0  0 
  Total                   5  203   2   0   4   1  0  .773    26.9  5.2  .159  .698  .228  17   84       
                             DMB team batting -- 1993 Chinatrust Whales                             
                              League championship -- as of 10/27/1993                               

S Name               P  PA/G AB/G  BIP IPAVG  TBW TBW/PA TBWH TBWH/PA K/BB 
  Carreon            rf 1.00 1.00    1 1.000    1  1.000    1   1.000  0.0 
  Fielder            1b 4.00 3.00    5  .600    5   .625    5    .625  0.5 
  Chamberlain        rf 4.00 4.00    7  .429    8  1.000    8   1.000  0.0 
  DiPoto             cl 1.00 1.00    2  .500    1   .500    1    .500  0.0 
f Amaro#             rf 4.50 4.50    9  .444    4   .444    4    .444  0.0 
  Valle              c  2.33 2.33    6  .333    6   .857    6    .857  0.0 
  Clark*             1b 3.40 3.20   13  .385   11   .647   11    .647  2.0 
  O'Neill*           rf 3.40 3.40   15  .333   11   .647   11    .647 99.0 
  Thompson           2b 4.40 4.00   15  .333   12   .545   12    .545  5.0 
  Pagliarulo*        3b 3.40 3.40   11  .364    9   .529    9    .529 99.0 
  Kreuter#           c  3.20 3.00   13  .308    7   .438    7    .438  2.0 
  Gagne              ss 4.33 4.00    9  .333    4   .308    4    .308  3.0 
  James*             lf 3.75 3.50   14  .214    4   .267    4    .267 99.0 
  Pavlik             sp 2.50 2.50    4  .250    1   .200    1    .200 99.0 
  Gallego            ss 2.40 2.40   10  .200    4   .333    4    .333 99.0 
  Raines#            lf 4.60 3.40   15  .133    8   .348    8    .348  0.3 
  Plantier*          lf 0.75 0.75    3  .000    0   .000    0    .000  0.0 
  Staton             1b 1.00 1.00    1  .000    0   .000    0    .000 99.0 
  Poole*             mr 0.00 0.00    0  .000    0   .000    0    .000  0.0 
  Eldred             sp 1.00 1.00    0  .000    0   .000    0    .000 99.0 
  Johnson            sp 2.50 2.50    5  .000    0   .000    0    .000  0.0 
  Ward,D             cl 0.00 0.00    0  .000    0   .000    0    .000  0.0 
  Bautista           mr 0.00 0.00    0  .000    0   .000    0    .000  0.0 
  Gott               cl 0.00 0.00    0  .000    0   .000    0    .000  0.0 
f Martinez*          mr 0.00 0.00    0  .000    0   .000    0    .000  0.0 
  Total                 40.6 37.8  158  .304   96   .473   96    .473  2.3 



                        --------------------Versus Left-handed Pitchers-------------------- 
S Name               P    AVG   OBP   SPC   OPS    AB     H   2B   3B   HR   RBI   BB     K 
  Carreon            rf 1.000 1.000 1.000 2.000     1     1    0    0    0     0    0     0 
  Fielder            1b  .500  .667  .500 1.167     4     2    0    0    0     1    2     1 
  Chamberlain        rf  .600  .600 1.200 1.800     5     3    0    0    1     3    0     0 
  DiPoto             cl  .000  .000  .000  .000     0     0    0    0    0     0    0     0 
f Amaro#             rf  .600  .600  .600 1.200     5     3    0    0    0     1    0     0 
  Valle              c   .250  .250  .250  .500     4     1    0    0    0     0    0     0 
  Clark*             1b  .000  .000  .000  .000     0     0    0    0    0     0    0     0 
  O'Neill*           rf  .000  .000  .000  .000     0     0    0    0    0     0    0     0 
  Thompson           2b  .333  .500  .333  .833     3     1    0    0    0     1    1     2 
  Pagliarulo*        3b  .000  .000  .000  .000     3     0    0    0    0     0    0     0 
  Kreuter#           c   .000  .000  .000  .000     0     0    0    0    0     0    0     0 
  Gagne              ss  .500  .500  .500 1.000     4     2    0    0    0     0    0     0 
  James*             lf  .000  .000  .000  .000     0     0    0    0    0     0    0     0 
  Pavlik             sp 1.000 1.000 1.000 2.000     1     1    0    0    0     0    0     0 
  Gallego            ss 1.000 1.000 1.000 2.000     1     1    0    0    0     0    0     0 
  Raines#            lf  .400  .500  .400  .900     5     2    0    0    0     0    1     1 
  Plantier*          lf  .000  .000  .000  .000     0     0    0    0    0     0    0     0 
  Staton             1b  .000  .000  .000  .000     0     0    0    0    0     0    0     0 
  Poole*             mr  .000  .000  .000  .000     0     0    0    0    0     0    0     0 
  Eldred             sp  .000  .000  .000  .000     0     0    0    0    0     0    0     0 
  Johnson            sp  .000  .000  .000  .000     2     0    0    0    0     0    0     0 
  Ward,D             cl  .000  .000  .000  .000     0     0    0    0    0     0    0     0 
  Bautista           mr  .000  .000  .000  .000     0     0    0    0    0     0    0     0 
  Gott               cl  .000  .000  .000  .000     0     0    0    0    0     0    0     0 
f Martinez*          mr  .000  .000  .000  .000     0     0    0    0    0     0    0     0 
  Total                  .447  .500  .526 1.026    38    17    0    0    1     6    4     4 
                             DMB team batting -- 1993 Chinatrust Whales                             
                              League championship -- as of 10/27/1993                               

                        --------------------Versus Right-handed Pitchers------------------- 
S Name               P    AVG   OBP   SPC   OPS    AB     H   2B   3B   HR   RBI   BB     K 
  Carreon            rf  .000  .000  .000  .000     0     0    0    0    0     0    0     0 
  Fielder            1b  .500  .500  .500 1.000     2     1    0    0    0     0    0     0 
  Chamberlain        rf  .333  .333  .667 1.000     3     1    1    0    0     1    0     0 
  DiPoto             cl  .500  .500  .500 1.000     2     1    0    0    0     1    0     0 
f Amaro#             rf  .250  .250  .250  .500     4     1    0    0    0     2    0     0 
  Valle              c   .667  .667 1.667 2.333     3     2    0    0    1     1    0     0 
  Clark*             1b  .375  .412  .625 1.037    16     6    1    0    1     1    1     2 
  O'Neill*           rf  .353  .353  .647 1.000    17     6    2    0    1     2    0     1 
  Thompson           2b  .294  .294  .588  .882    17     5    2    0    1     5    0     3 
  Pagliarulo*        3b  .357  .357  .643 1.000    14     5    1    0    1     1    0     5 
  Kreuter#           c   .267  .313  .400  .712    15     4    2    0    0     1    1     2 
  Gagne              ss  .125  .222  .125  .347     8     1    0    0    0     0    1     3 
  James*             lf  .214  .214  .286  .500    14     3    1    0    0     0    0     1 
  Pavlik             sp  .000  .000  .000  .000     4     0    0    0    0     0    0     1 
  Gallego            ss  .091  .091  .273  .364    11     1    0    1    0     1    0     2 
  Raines#            lf  .000  .294  .000  .294    12     0    0    0    0     0    5     1 
  Plantier*          lf  .000  .000  .000  .000     3     0    0    0    0     0    0     0 
  Staton             1b  .000  .000  .000  .000     2     0    0    0    0     0    0     1 
  Poole*             mr  .000  .000  .000  .000     0     0    0    0    0     0    0     0 
  Eldred             sp  .000  .000  .000  .000     1     0    0    0    0     0    0     1 
  Johnson            sp  .000  .000  .000  .000     3     0    0    0    0     0    0     0 
  Ward,D             cl  .000  .000  .000  .000     0     0    0    0    0     0    0     0 
  Bautista           mr  .000  .000  .000  .000     0     0    0    0    0     0    0     0 
  Gott               cl  .000  .000  .000  .000     0     0    0    0    0     0    0     0 
f Martinez*          mr  .000  .000  .000  .000     0     0    0    0    0     0    0     0 
  Total                  .245  .283  .424  .707   151    37   10    1    5    16    8    23 