
Team Avg OBA Slg HR   RC  RC27
BMB  163 209 240  6  17.6  1.6
BAR  165 190 189  1  14.5  1.2
FER  172 194 237  3  13.8  1.3
EFF  190 222 256  3  13.0  1.8
TEW  152 193 183  1  13.0  1.2
CIN  156 177 201  1  12.2  1.2
HOU  153 174 193  0  12.1  1.1
NEP  160 182 208  3  12.0  1.1
DLM  115 148 154  0  11.7  1.0
EVN  150 177 209  1  11.6  1.1
FHK  150 172 181  0  10.7  1.1
GBP  151 188 169  0  10.4  1.1
WTP  135 154 152  0   9.5  0.8
CEN  124 153 170  1   8.3  0.8
RYK  124 150 178  2   7.9  0.8
CTW  126 177 185  1   7.3  0.9
BBG  120 258 135  0   6.4  0.7
NFG  115 146 135  0   6.2  0.7
