1,4/5/1999,0,14,5,2,0
2,4/5/1999,0,1,10,2,0
3,4/5/1999,0,18,11,2,0
4,4/5/1999,0,16,15,2,0
5,4/6/1999,0,12,9,2,0
6,4/6/1999,0,6,2,2,0
7,4/6/1999,0,14,5,2,0
8,4/6/1999,0,3,7,2,0
9,4/6/1999,0,17,8,2,0
10,4/6/1999,0,1,10,2,0
11,4/6/1999,0,18,11,2,0
12,4/6/1999,0,16,15,2,0
13,4/6/1999,0,13,19,2,0
14,4/6/1999,0,4,20,2,0
15,4/7/1999,0,7,2,2,0
16,4/7/1999,0,18,5,2,0
17,4/7/1999,0,3,6,2,0
18,4/7/1999,0,10,8,2,0
19,4/7/1999,0,9,13,2,0
20,4/7/1999,0,20,14,2,0
21,4/7/1999,0,12,15,2,0
22,4/7/1999,0,4,16,2,0
23,4/7/1999,0,1,17,2,0
24,4/7/1999,0,11,19,2,0
25,4/8/1999,0,7,2,2,0
26,4/8/1999,0,18,5,2,0
27,4/8/1999,0,3,6,2,0
28,4/8/1999,0,10,8,2,0
29,4/8/1999,0,9,13,2,0
30,4/8/1999,0,20,14,2,0
31,4/8/1999,0,12,15,2,0
32,4/8/1999,0,4,16,2,0
33,4/8/1999,0,1,17,2,0
34,4/8/1999,0,11,19,2,0
35,4/9/1999,0,4,1,2,0
36,4/9/1999,0,20,3,2,0
37,4/9/1999,0,8,5,2,0
38,4/9/1999,0,11,7,2,0
39,4/9/1999,0,19,14,2,0
40,4/9/1999,0,6,17,2,0
41,4/9/1999,0,9,10,2,0
42,4/9/1999,0,2,15,2,0
43,4/9/1999,0,13,16,2,0
44,4/9/1999,0,12,18,2,0
45,4/10/1999,0,4,1,2,0
46,4/10/1999,0,20,3,2,0
47,4/10/1999,0,8,5,2,0
48,4/10/1999,0,11,7,2,0
49,4/10/1999,0,9,10,2,0
50,4/10/1999,0,19,14,2,0
51,4/10/1999,0,2,15,2,0
52,4/10/1999,0,13,16,2,0
53,4/10/1999,0,6,17,2,0
54,4/10/1999,0,12,18,2,0
55,4/11/1999,0,4,1,2,0
56,4/11/1999,0,20,3,2,0
57,4/11/1999,0,8,5,2,0
58,4/11/1999,0,11,7,2,0
59,4/11/1999,0,9,10,2,0
60,4/11/1999,0,19,14,2,0
61,4/11/1999,0,2,15,2,0
62,4/11/1999,0,13,16,2,0
63,4/11/1999,0,6,17,2,0
64,4/11/1999,0,12,18,2,0
65,4/12/1999,0,4,1,2,0
66,4/12/1999,0,20,3,2,0
67,4/12/1999,0,8,5,2,0
68,4/12/1999,0,9,10,2,0
69,4/12/1999,0,19,14,2,0
70,4/12/1999,0,2,15,2,0
71,4/12/1999,0,13,16,2,0
72,4/13/1999,0,8,2,2,0
73,4/13/1999,0,10,4,2,0
74,4/13/1999,0,16,6,2,0
75,4/13/1999,0,11,9,2,0
76,4/13/1999,0,1,12,2,0
77,4/13/1999,0,15,13,2,0
78,4/13/1999,0,14,17,2,0
79,4/13/1999,0,3,18,2,0
80,4/13/1999,0,5,19,2,0
81,4/13/1999,0,7,20,2,0
82,4/14/1999,0,8,2,2,0
83,4/14/1999,0,10,4,2,0
84,4/14/1999,0,16,6,2,0
85,4/14/1999,0,11,9,2,0
86,4/14/1999,0,1,12,2,0
87,4/14/1999,0,15,13,2,0
88,4/14/1999,0,14,17,2,0
89,4/14/1999,0,3,18,2,0
90,4/14/1999,0,5,19,2,0
91,4/14/1999,0,7,20,2,0
92,4/16/1999,0,3,7,2,0
93,4/16/1999,0,12,9,2,0
94,4/16/1999,0,1,10,2,0
95,4/16/1999,0,18,11,2,0
96,4/16/1999,0,16,15,2,0
97,4/16/1999,0,6,2,2,0
98,4/16/1999,0,20,4,2,0
99,4/16/1999,0,14,5,2,0
100,4/16/1999,0,17,8,2,0
101,4/16/1999,0,19,13,2,0
102,4/17/1999,0,6,2,2,0
103,4/17/1999,0,20,4,2,0
104,4/17/1999,0,14,5,2,0
105,4/17/1999,0,3,7,2,0
106,4/17/1999,0,17,8,2,0
107,4/17/1999,0,12,9,2,0
108,4/17/1999,0,1,10,2,0
109,4/17/1999,0,18,11,2,0
110,4/17/1999,0,19,13,2,0
111,4/17/1999,0,16,15,2,0
112,4/18/1999,0,6,2,2,0
113,4/18/1999,0,20,4,2,0
114,4/18/1999,0,14,5,2,0
115,4/18/1999,0,3,7,2,0
116,4/18/1999,0,17,8,2,0
117,4/18/1999,0,12,9,2,0
118,4/18/1999,0,1,10,2,0
119,4/18/1999,0,18,11,2,0
120,4/18/1999,0,19,13,2,0
121,4/18/1999,0,16,15,2,0
122,4/19/1999,0,6,2,2,0
123,4/19/1999,0,14,5,2,0
124,4/19/1999,0,3,7,2,0
125,4/19/1999,0,17,8,2,0
126,4/19/1999,0,12,9,2,0
127,4/19/1999,0,18,11,2,0
128,4/19/1999,0,16,15,2,0
129,4/20/1999,0,13,2,2,0
130,4/20/1999,0,15,6,2,0
131,4/20/1999,0,4,9,2,0
132,4/20/1999,0,20,11,2,0
133,4/20/1999,0,5,17,2,0
134,4/20/1999,0,7,18,2,0
135,4/20/1999,0,3,1,2,0
136,4/20/1999,0,19,8,2,0
137,4/20/1999,0,10,12,2,0
138,4/20/1999,0,14,16,2,0
139,4/21/1999,0,3,1,2,0
140,4/21/1999,0,13,2,2,0
141,4/21/1999,0,15,6,2,0
142,4/21/1999,0,19,8,2,0
143,4/21/1999,0,4,9,2,0
144,4/21/1999,0,20,11,2,0
145,4/21/1999,0,10,12,2,0
146,4/21/1999,0,14,16,2,0
147,4/21/1999,0,5,17,2,0
148,4/21/1999,0,7,18,2,0
149,4/22/1999,0,3,1,2,0
150,4/22/1999,0,13,2,2,0
151,4/22/1999,0,15,6,2,0
152,4/22/1999,0,19,8,2,0
153,4/22/1999,0,4,9,2,0
154,4/22/1999,0,20,11,2,0
155,4/22/1999,0,10,12,2,0
156,4/22/1999,0,14,16,2,0
157,4/22/1999,0,5,17,2,0
158,4/22/1999,0,7,18,2,0
159,4/23/1999,0,3,1,2,0
160,4/23/1999,0,13,2,2,0
161,4/23/1999,0,15,6,2,0
162,4/23/1999,0,19,8,2,0
163,4/23/1999,0,4,9,2,0
164,4/23/1999,0,20,11,2,0
165,4/23/1999,0,14,16,2,0
166,4/23/1999,0,5,17,2,0
167,4/23/1999,0,18,7,2,0
168,4/23/1999,0,12,10,2,0
169,4/24/1999,0,10,3,2,0
170,4/24/1999,0,7,4,2,0
171,4/24/1999,0,16,8,2,0
172,4/24/1999,0,1,11,2,0
173,4/24/1999,0,5,13,2,0
174,4/24/1999,0,15,14,2,0
175,4/24/1999,0,2,17,2,0
176,4/24/1999,0,9,18,2,0
177,4/24/1999,0,6,19,2,0
178,4/24/1999,0,12,20,2,0
179,4/25/1999,0,10,3,2,0
180,4/25/1999,0,7,4,2,0
181,4/25/1999,0,16,8,2,0
182,4/25/1999,0,1,11,2,0
183,4/25/1999,0,5,13,2,0
184,4/25/1999,0,15,14,2,0
185,4/25/1999,0,2,17,2,0
186,4/25/1999,0,9,18,2,0
187,4/25/1999,0,6,19,2,0
188,4/25/1999,0,12,20,2,0
189,4/27/1999,0,18,1,2,0
190,4/27/1999,0,19,2,2,0
191,4/27/1999,0,3,4,2,0
192,4/27/1999,0,5,6,2,0
193,4/27/1999,0,20,9,2,0
194,4/27/1999,0,11,10,2,0
195,4/27/1999,0,7,12,2,0
196,4/27/1999,0,14,13,2,0
197,4/27/1999,0,8,15,2,0
198,4/27/1999,0,17,16,2,0
199,4/28/1999,0,18,1,2,0
200,4/28/1999,0,19,2,2,0
201,4/28/1999,0,3,4,2,0
202,4/28/1999,0,5,6,2,0
203,4/28/1999,0,20,9,2,0
204,4/28/1999,0,11,10,2,0
205,4/28/1999,0,7,12,2,0
206,4/28/1999,0,14,13,2,0
207,4/28/1999,0,8,15,2,0
208,4/28/1999,0,17,16,2,0
209,4/29/1999,0,18,1,2,0
210,4/29/1999,0,19,2,2,0
211,4/29/1999,0,3,4,2,0
212,4/29/1999,0,5,6,2,0
213,4/29/1999,0,20,9,2,0
214,4/29/1999,0,11,10,2,0
215,4/29/1999,0,7,12,2,0
216,4/29/1999,0,14,13,2,0
217,4/29/1999,0,8,15,2,0
218,4/29/1999,0,17,16,2,0
219,4/30/1999,0,12,3,2,0
220,4/30/1999,0,2,5,2,0
221,4/30/1999,0,9,7,2,0
222,4/30/1999,0,13,8,2,0
223,4/30/1999,0,18,10,2,0
224,4/30/1999,0,4,11,2,0
225,4/30/1999,0,6,14,2,0
226,4/30/1999,0,17,15,2,0
227,4/30/1999,0,16,19,2,0
228,4/30/1999,0,1,20,2,0
229,5/1/1999,0,12,3,2,0
230,5/1/1999,0,2,5,2,0
231,5/1/1999,0,9,7,2,0
232,5/1/1999,0,13,8,2,0
233,5/1/1999,0,18,10,2,0
234,5/1/1999,0,4,11,2,0
235,5/1/1999,0,6,14,2,0
236,5/1/1999,0,17,15,2,0
237,5/1/1999,0,16,19,2,0
238,5/1/1999,0,1,20,2,0
239,5/2/1999,0,12,3,2,0
240,5/2/1999,0,2,5,2,0
241,5/2/1999,0,9,7,2,0
242,5/2/1999,0,13,8,2,0
243,5/2/1999,0,18,10,2,0
244,5/2/1999,0,4,11,2,0
245,5/2/1999,0,6,14,2,0
246,5/2/1999,0,17,15,2,0
247,5/2/1999,0,16,19,2,0
248,5/2/1999,0,1,20,2,0
249,5/3/1999,0,14,2,2,0
250,5/3/1999,0,8,6,2,0
251,5/3/1999,0,3,9,2,0
252,5/3/1999,0,20,10,2,0
253,5/3/1999,0,7,1,2,0
254,5/3/1999,0,18,4,2,0
255,5/3/1999,0,11,12,2,0
256,5/3/1999,0,17,13,2,0
257,5/3/1999,0,19,15,2,0
258,5/3/1999,0,5,16,2,0
259,5/4/1999,0,7,1,2,0
260,5/4/1999,0,14,2,2,0
261,5/4/1999,0,18,4,2,0
262,5/4/1999,0,8,6,2,0
263,5/4/1999,0,3,9,2,0
264,5/4/1999,0,20,10,2,0
265,5/4/1999,0,11,12,2,0
266,5/4/1999,0,17,13,2,0
267,5/4/1999,0,19,15,2,0
268,5/4/1999,0,5,16,2,0
269,5/5/1999,0,7,1,2,0
270,5/5/1999,0,14,2,2,0
271,5/5/1999,0,18,4,2,0
272,5/5/1999,0,8,6,2,0
273,5/5/1999,0,3,9,2,0
274,5/5/1999,0,20,10,2,0
275,5/5/1999,0,11,12,2,0
276,5/5/1999,0,17,13,2,0
277,5/5/1999,0,19,15,2,0
278,5/5/1999,0,5,16,2,0
279,5/7/1999,0,16,1,2,0
280,5/7/1999,0,15,10,2,0
281,5/7/1999,0,8,11,2,0
282,5/7/1999,0,19,20,2,0
283,5/7/1999,0,14,3,2,0
284,5/7/1999,0,13,4,2,0
285,5/7/1999,0,5,7,2,0
286,5/7/1999,0,2,9,2,0
287,5/7/1999,0,6,12,2,0
288,5/7/1999,0,17,18,2,0
289,5/8/1999,0,16,1,2,0
290,5/8/1999,0,14,3,2,0
291,5/8/1999,0,13,4,2,0
292,5/8/1999,0,5,7,2,0
293,5/8/1999,0,2,9,2,0
294,5/8/1999,0,15,10,2,0
295,5/8/1999,0,8,11,2,0
296,5/8/1999,0,6,12,2,0
297,5/8/1999,0,17,18,2,0
298,5/8/1999,0,19,20,2,0
299,5/9/1999,0,16,1,2,0
300,5/9/1999,0,14,3,2,0
301,5/9/1999,0,13,4,2,0
302,5/9/1999,0,5,7,2,0
303,5/9/1999,0,2,9,2,0
304,5/9/1999,0,15,10,2,0
305,5/9/1999,0,8,11,2,0
306,5/9/1999,0,6,12,2,0
307,5/9/1999,0,17,18,2,0
308,5/9/1999,0,19,20,2,0
309,5/10/1999,0,16,1,2,0
310,5/10/1999,0,14,3,2,0
311,5/10/1999,0,13,4,2,0
312,5/10/1999,0,5,7,2,0
313,5/10/1999,0,2,9,2,0
314,5/10/1999,0,15,10,2,0
315,5/10/1999,0,8,11,2,0
316,5/10/1999,0,6,12,2,0
317,5/10/1999,0,17,18,2,0
318,5/11/1999,0,12,2,2,0
319,5/11/1999,0,18,8,2,0
320,5/11/1999,0,10,13,2,0
321,5/11/1999,0,11,16,2,0
322,5/11/1999,0,20,17,2,0
323,5/11/1999,0,7,19,2,0
324,5/11/1999,0,3,5,2,0
325,5/11/1999,0,4,6,2,0
326,5/11/1999,0,9,14,2,0
327,5/11/1999,0,1,15,2,0
328,5/12/1999,0,12,2,2,0
329,5/12/1999,0,3,5,2,0
330,5/12/1999,0,4,6,2,0
331,5/12/1999,0,18,8,2,0
332,5/12/1999,0,10,13,2,0
333,5/12/1999,0,9,14,2,0
334,5/12/1999,0,1,15,2,0
335,5/12/1999,0,11,16,2,0
336,5/12/1999,0,20,17,2,0
337,5/12/1999,0,7,19,2,0
338,5/13/1999,0,12,2,2,0
339,5/13/1999,0,3,5,2,0
340,5/13/1999,0,4,6,2,0
341,5/13/1999,0,18,8,2,0
342,5/13/1999,0,10,13,2,0
343,5/13/1999,0,9,14,2,0
344,5/13/1999,0,1,15,2,0
345,5/13/1999,0,11,16,2,0
346,5/13/1999,0,20,17,2,0
347,5/13/1999,0,7,19,2,0
348,5/14/1999,0,12,2,2,0
349,5/14/1999,0,3,5,2,0
350,5/14/1999,0,4,6,2,0
351,5/14/1999,0,18,8,2,0
352,5/14/1999,0,10,13,2,0
353,5/14/1999,0,9,14,2,0
354,5/14/1999,0,1,15,2,0
355,5/14/1999,0,11,16,2,0
356,5/14/1999,0,20,17,2,0
357,5/14/1999,0,7,19,2,0
358,5/15/1999,0,19,3,2,0
359,5/15/1999,0,2,4,2,0
360,5/15/1999,0,9,5,2,0
361,5/15/1999,0,17,7,2,0
362,5/15/1999,0,6,10,2,0
363,5/15/1999,0,12,14,2,0
364,5/15/1999,0,16,18,2,0
365,5/15/1999,0,8,20,2,0
366,5/15/1999,0,13,1,2,0
367,5/15/1999,0,15,11,2,0
368,5/16/1999,0,13,1,2,0
369,5/16/1999,0,19,3,2,0
370,5/16/1999,0,2,4,2,0
371,5/16/1999,0,9,5,2,0
372,5/16/1999,0,17,7,2,0
373,5/16/1999,0,6,10,2,0
374,5/16/1999,0,15,11,2,0
375,5/16/1999,0,12,14,2,0
376,5/16/1999,0,16,18,2,0
377,5/16/1999,0,8,20,2,0
378,5/18/1999,0,10,2,2,0
379,5/18/1999,0,1,6,2,0
380,5/18/1999,0,3,17,2,0
381,5/18/1999,0,12,5,2,0
382,5/18/1999,0,7,8,2,0
383,5/18/1999,0,11,13,2,0
384,5/18/1999,0,4,14,2,0
385,5/18/1999,0,18,15,2,0
386,5/18/1999,0,20,16,2,0
387,5/18/1999,0,9,19,2,0
388,5/19/1999,0,10,2,2,0
389,5/19/1999,0,12,5,2,0
390,5/19/1999,0,1,6,2,0
391,5/19/1999,0,7,8,2,0
392,5/19/1999,0,11,13,2,0
393,5/19/1999,0,4,14,2,0
394,5/19/1999,0,18,15,2,0
395,5/19/1999,0,20,16,2,0
396,5/19/1999,0,3,17,2,0
397,5/19/1999,0,9,19,2,0
398,5/20/1999,0,10,2,2,0
399,5/20/1999,0,12,5,2,0
400,5/20/1999,0,1,6,2,0
401,5/20/1999,0,7,8,2,0
402,5/20/1999,0,11,13,2,0
403,5/20/1999,0,4,14,2,0
404,5/20/1999,0,18,15,2,0
405,5/20/1999,0,20,16,2,0
406,5/20/1999,0,3,17,2,0
407,5/20/1999,0,9,19,2,0
408,5/21/1999,0,2,1,2,0
409,5/21/1999,0,8,3,2,0
410,5/21/1999,0,5,4,2,0
411,5/21/1999,0,16,7,2,0
412,5/21/1999,0,17,9,2,0
413,5/21/1999,0,14,10,2,0
414,5/21/1999,0,6,11,2,0
415,5/21/1999,0,19,12,2,0
416,5/21/1999,0,13,18,2,0
417,5/21/1999,0,15,20,2,0
418,5/22/1999,0,2,1,2,0
419,5/22/1999,0,8,3,2,0
420,5/22/1999,0,5,4,2,0
421,5/22/1999,0,16,7,2,0
422,5/22/1999,0,17,9,2,0
423,5/22/1999,0,14,10,2,0
424,5/22/1999,0,6,11,2,0
425,5/22/1999,0,19,12,2,0
426,5/22/1999,0,13,18,2,0
427,5/22/1999,0,15,20,2,0
428,5/23/1999,0,2,1,2,0
429,5/23/1999,0,8,3,2,0
430,5/23/1999,0,5,4,2,0
431,5/23/1999,0,16,7,2,0
432,5/23/1999,0,17,9,2,0
433,5/23/1999,0,14,10,2,0
434,5/23/1999,0,6,11,2,0
435,5/23/1999,0,19,12,2,0
436,5/23/1999,0,13,18,2,0
437,5/23/1999,0,15,20,2,0
438,5/24/1999,0,11,2,2,0
439,5/24/1999,0,10,5,2,0
440,5/24/1999,0,18,6,2,0
441,5/24/1999,0,9,8,2,0
442,5/24/1999,0,20,13,2,0
443,5/24/1999,0,1,14,2,0
444,5/24/1999,0,7,15,2,0
445,5/24/1999,0,3,16,2,0
446,5/24/1999,0,12,17,2,0
447,5/24/1999,0,4,19,2,0
448,5/25/1999,0,11,2,2,0
449,5/25/1999,0,10,5,2,0
450,5/25/1999,0,18,6,2,0
451,5/25/1999,0,9,8,2,0
452,5/25/1999,0,20,13,2,0
453,5/25/1999,0,1,14,2,0
454,5/25/1999,0,7,15,2,0
455,5/25/1999,0,3,16,2,0
456,5/25/1999,0,12,17,2,0
457,5/25/1999,0,4,19,2,0
458,5/26/1999,0,11,2,2,0
459,5/26/1999,0,10,5,2,0
460,5/26/1999,0,18,6,2,0
461,5/26/1999,0,9,8,2,0
462,5/26/1999,0,20,13,2,0
463,5/26/1999,0,1,14,2,0
464,5/26/1999,0,7,15,2,0
465,5/26/1999,0,3,16,2,0
466,5/26/1999,0,12,17,2,0
467,5/26/1999,0,4,19,2,0
468,5/28/1999,0,16,9,2,0
469,5/28/1999,0,8,12,2,0
470,5/28/1999,0,6,20,2,0
471,5/28/1999,0,5,1,2,0
472,5/28/1999,0,15,3,2,0
473,5/28/1999,0,13,7,2,0
474,5/28/1999,0,14,11,2,0
475,5/28/1999,0,4,17,2,0
476,5/28/1999,0,2,18,2,0
477,5/28/1999,0,10,19,2,0
478,5/29/1999,0,5,1,2,0
479,5/29/1999,0,15,3,2,0
480,5/29/1999,0,13,7,2,0
481,5/29/1999,0,16,9,2,0
482,5/29/1999,0,14,11,2,0
483,5/29/1999,0,8,12,2,0
484,5/29/1999,0,4,17,2,0
485,5/29/1999,0,2,18,2,0
486,5/29/1999,0,10,19,2,0
487,5/29/1999,0,6,20,2,0
488,5/30/1999,0,5,1,2,0
489,5/30/1999,0,15,3,2,0
490,5/30/1999,0,13,7,2,0
491,5/30/1999,0,16,9,2,0
492,5/30/1999,0,14,11,2,0
493,5/30/1999,0,8,12,2,0
494,5/30/1999,0,4,17,2,0
495,5/30/1999,0,2,18,2,0
496,5/30/1999,0,10,19,2,0
497,5/30/1999,0,6,20,2,0
498,5/31/1999,0,5,1,2,0
499,5/31/1999,0,15,3,2,0
500,5/31/1999,0,13,7,2,0
501,5/31/1999,0,16,9,2,0
502,5/31/1999,0,14,11,2,0
503,5/31/1999,0,8,12,2,0
504,5/31/1999,0,4,17,2,0
505,5/31/1999,0,2,18,2,0
506,5/31/1999,0,10,19,2,0
507,5/31/1999,0,6,20,2,0
508,6/1/1999,0,11,5,2,0
509,6/1/1999,0,18,14,2,0
510,6/1/1999,0,9,15,2,0
511,6/1/1999,0,12,16,2,0
512,6/1/1999,0,10,17,2,0
513,6/1/1999,0,20,2,2,0
514,6/1/1999,0,7,6,2,0
515,6/1/1999,0,4,8,2,0
516,6/1/1999,0,3,13,2,0
517,6/1/1999,0,1,19,2,0
518,6/2/1999,0,20,2,2,0
519,6/2/1999,0,11,5,2,0
520,6/2/1999,0,7,6,2,0
521,6/2/1999,0,4,8,2,0
522,6/2/1999,0,3,13,2,0
523,6/2/1999,0,18,14,2,0
524,6/2/1999,0,9,15,2,0
525,6/2/1999,0,12,16,2,0
526,6/2/1999,0,10,17,2,0
527,6/2/1999,0,1,19,2,0
528,6/3/1999,0,20,2,2,0
529,6/3/1999,0,11,5,2,0
530,6/3/1999,0,7,6,2,0
531,6/3/1999,0,4,8,2,0
532,6/3/1999,0,3,13,2,0
533,6/3/1999,0,18,14,2,0
534,6/3/1999,0,9,15,2,0
535,6/3/1999,0,12,16,2,0
536,6/3/1999,0,10,17,2,0
537,6/3/1999,0,1,19,2,0
538,6/4/1999,0,20,2,2,0
539,6/4/1999,0,11,5,2,0
540,6/4/1999,0,7,6,2,0
541,6/4/1999,0,4,8,2,0
542,6/4/1999,0,3,13,2,0
543,6/4/1999,0,18,14,2,0
544,6/4/1999,0,9,15,2,0
545,6/4/1999,0,12,16,2,0
546,6/4/1999,0,10,17,2,0
547,6/4/1999,0,1,19,2,0
548,6/5/1999,0,17,1,2,0
549,6/5/1999,0,16,4,2,0
550,6/5/1999,0,13,9,2,0
551,6/5/1999,0,19,11,2,0
552,6/5/1999,0,15,12,2,0
553,6/5/1999,0,5,18,2,0
554,6/5/1999,0,14,20,2,0
555,6/5/1999,0,6,3,2,0
556,6/5/1999,0,2,7,2,0
557,6/5/1999,0,8,10,2,0
558,6/6/1999,0,17,1,2,0
559,6/6/1999,0,6,3,2,0
560,6/6/1999,0,16,4,2,0
561,6/6/1999,0,2,7,2,0
562,6/6/1999,0,13,9,2,0
563,6/6/1999,0,8,10,2,0
564,6/6/1999,0,19,11,2,0
565,6/6/1999,0,15,12,2,0
566,6/6/1999,0,5,18,2,0
567,6/6/1999,0,14,20,2,0
568,6/8/1999,0,8,1,2,0
569,6/8/1999,0,2,3,2,0
570,6/8/1999,0,15,4,2,0
571,6/8/1999,0,14,7,2,0
572,6/8/1999,0,6,9,2,0
573,6/8/1999,0,16,10,2,0
574,6/8/1999,0,17,11,2,0
575,6/8/1999,0,13,12,2,0
576,6/8/1999,0,19,18,2,0
577,6/8/1999,0,5,20,2,0
578,6/9/1999,0,8,1,2,0
579,6/9/1999,0,2,3,2,0
580,6/9/1999,0,15,4,2,0
581,6/9/1999,0,14,7,2,0
582,6/9/1999,0,6,9,2,0
583,6/9/1999,0,16,10,2,0
584,6/9/1999,0,17,11,2,0
585,6/9/1999,0,13,12,2,0
586,6/9/1999,0,19,18,2,0
587,6/9/1999,0,5,20,2,0
588,6/10/1999,0,8,1,2,0
589,6/10/1999,0,2,3,2,0
590,6/10/1999,0,15,4,2,0
591,6/10/1999,0,14,7,2,0
592,6/10/1999,0,6,9,2,0
593,6/10/1999,0,16,10,2,0
594,6/10/1999,0,17,11,2,0
595,6/10/1999,0,13,12,2,0
596,6/10/1999,0,19,18,2,0
597,6/10/1999,0,5,20,2,0
598,6/11/1999,0,10,1,2,0
599,6/11/1999,0,7,3,2,0
600,6/11/1999,0,2,6,2,0
601,6/11/1999,0,9,12,2,0
602,6/11/1999,0,5,14,2,0
603,6/11/1999,0,15,16,2,0
604,6/11/1999,0,8,17,2,0
605,6/11/1999,0,11,18,2,0
606,6/11/1999,0,13,19,2,0
607,6/11/1999,0,4,20,2,0
608,6/12/1999,0,10,1,2,0
609,6/12/1999,0,7,3,2,0
610,6/12/1999,0,2,6,2,0
611,6/12/1999,0,9,12,2,0
612,6/12/1999,0,5,14,2,0
613,6/12/1999,0,15,16,2,0
614,6/12/1999,0,8,17,2,0
615,6/12/1999,0,11,18,2,0
616,6/12/1999,0,13,19,2,0
617,6/12/1999,0,4,20,2,0
618,6/13/1999,0,10,1,2,0
619,6/13/1999,0,7,3,2,0
620,6/13/1999,0,2,6,2,0
621,6/13/1999,0,9,12,2,0
622,6/13/1999,0,5,14,2,0
623,6/13/1999,0,15,16,2,0
624,6/13/1999,0,8,17,2,0
625,6/13/1999,0,11,18,2,0
626,6/13/1999,0,13,19,2,0
627,6/13/1999,0,4,20,2,0
628,6/14/1999,0,15,2,2,0
629,6/14/1999,0,1,4,2,0
630,6/14/1999,0,5,8,2,0
631,6/14/1999,0,10,9,2,0
632,6/14/1999,0,7,11,2,0
633,6/14/1999,0,18,12,2,0
634,6/14/1999,0,16,13,2,0
635,6/14/1999,0,14,19,2,0
636,6/14/1999,0,3,20,2,0
637,6/15/1999,0,15,2,2,0
638,6/15/1999,0,1,4,2,0
639,6/15/1999,0,17,6,2,0
640,6/15/1999,0,5,8,2,0
641,6/15/1999,0,10,9,2,0
642,6/15/1999,0,7,11,2,0
643,6/15/1999,0,18,12,2,0
644,6/15/1999,0,16,13,2,0
645,6/15/1999,0,14,19,2,0
646,6/15/1999,0,3,20,2,0
647,6/16/1999,0,15,2,2,0
648,6/16/1999,0,1,4,2,0
649,6/16/1999,0,17,6,2,0
650,6/16/1999,0,5,8,2,0
651,6/16/1999,0,10,9,2,0
652,6/16/1999,0,7,11,2,0
653,6/16/1999,0,18,12,2,0
654,6/16/1999,0,16,13,2,0
655,6/16/1999,0,14,19,2,0
656,6/16/1999,0,3,20,2,0
657,6/18/1999,0,12,1,2,0
658,6/18/1999,0,18,3,2,0
659,6/18/1999,0,19,5,2,0
660,6/18/1999,0,20,7,2,0
661,6/18/1999,0,2,8,2,0
662,6/18/1999,0,4,10,2,0
663,6/18/1999,0,9,11,2,0
664,6/18/1999,0,17,14,2,0
665,6/18/1999,0,13,15,2,0
666,6/18/1999,0,6,16,2,0
667,6/19/1999,0,12,1,2,0
668,6/19/1999,0,18,3,2,0
669,6/19/1999,0,19,5,2,0
670,6/19/1999,0,20,7,2,0
671,6/19/1999,0,2,8,2,0
672,6/19/1999,0,4,10,2,0
673,6/19/1999,0,9,11,2,0
674,6/19/1999,0,17,14,2,0
675,6/19/1999,0,13,15,2,0
676,6/19/1999,0,6,16,2,0
677,6/20/1999,0,12,1,2,0
678,6/20/1999,0,18,3,2,0
679,6/20/1999,0,19,5,2,0
680,6/20/1999,0,20,7,2,0
681,6/20/1999,0,2,8,2,0
682,6/20/1999,0,4,10,2,0
683,6/20/1999,0,9,11,2,0
684,6/20/1999,0,17,14,2,0
685,6/20/1999,0,13,15,2,0
686,6/20/1999,0,6,16,2,0
687,6/21/1999,0,12,1,2,0
688,6/21/1999,0,18,3,2,0
689,6/21/1999,0,19,5,2,0
690,6/21/1999,0,20,7,2,0
691,6/21/1999,0,9,11,2,0
692,6/21/1999,0,17,14,2,0
693,6/21/1999,0,13,15,2,0
694,6/21/1999,0,6,16,2,0
695,6/22/1999,0,16,2,2,0
696,6/22/1999,0,12,4,2,0
697,6/22/1999,0,14,8,2,0
698,6/22/1999,0,1,9,2,0
699,6/22/1999,0,7,10,2,0
700,6/22/1999,0,3,11,2,0
701,6/22/1999,0,6,13,2,0
702,6/22/1999,0,5,15,2,0
703,6/22/1999,0,19,17,2,0
704,6/22/1999,0,20,18,2,0
705,6/23/1999,0,16,2,2,0
706,6/23/1999,0,12,4,2,0
707,6/23/1999,0,14,8,2,0
708,6/23/1999,0,1,9,2,0
709,6/23/1999,0,7,10,2,0
710,6/23/1999,0,3,11,2,0
711,6/23/1999,0,6,13,2,0
712,6/23/1999,0,5,15,2,0
713,6/23/1999,0,19,17,2,0
714,6/23/1999,0,20,18,2,0
715,6/24/1999,0,1,3,2,0
716,6/24/1999,0,9,4,2,0
717,6/24/1999,0,17,5,2,0
718,6/24/1999,0,2,13,2,0
719,6/24/1999,0,6,15,2,0
720,6/24/1999,0,8,19,2,0
721,6/24/1999,0,11,20,2,0
722,6/25/1999,0,1,3,2,0
723,6/25/1999,0,9,4,2,0
724,6/25/1999,0,17,5,2,0
725,6/25/1999,0,18,7,2,0
726,6/25/1999,0,12,10,2,0
727,6/25/1999,0,2,13,2,0
728,6/25/1999,0,16,14,2,0
729,6/25/1999,0,6,15,2,0
730,6/25/1999,0,8,19,2,0
731,6/25/1999,0,11,20,2,0
732,6/26/1999,0,1,3,2,0
733,6/26/1999,0,9,4,2,0
734,6/26/1999,0,17,5,2,0
735,6/26/1999,0,18,7,2,0
736,6/26/1999,0,12,10,2,0
737,6/26/1999,0,2,13,2,0
738,6/26/1999,0,16,14,2,0
739,6/26/1999,0,6,15,2,0
740,6/26/1999,0,8,19,2,0
741,6/26/1999,0,11,20,2,0
742,6/27/1999,0,1,3,2,0
743,6/27/1999,0,9,4,2,0
744,6/27/1999,0,17,5,2,0
745,6/27/1999,0,18,7,2,0
746,6/27/1999,0,12,10,2,0
747,6/27/1999,0,2,13,2,0
748,6/27/1999,0,16,14,2,0
749,6/27/1999,0,6,15,2,0
750,6/27/1999,0,8,19,2,0
751,6/27/1999,0,11,20,2,0
752,6/29/1999,0,11,1,2,0
753,6/29/1999,0,17,2,2,0
754,6/29/1999,0,13,5,2,0
755,6/29/1999,0,19,6,2,0
756,6/29/1999,0,4,7,2,0
757,6/29/1999,0,18,9,2,0
758,6/29/1999,0,3,10,2,0
759,6/29/1999,0,20,12,2,0
760,6/29/1999,0,14,15,2,0
761,6/29/1999,0,8,16,2,0
762,6/30/1999,0,11,1,2,0
763,6/30/1999,0,17,2,2,0
764,6/30/1999,0,13,5,2,0
765,6/30/1999,0,19,6,2,0
766,6/30/1999,0,4,7,2,0
767,6/30/1999,0,18,9,2,0
768,6/30/1999,0,3,10,2,0
769,6/30/1999,0,20,12,2,0
770,6/30/1999,0,14,15,2,0
771,6/30/1999,0,8,16,2,0
772,7/1/1999,0,11,1,2,0
773,7/1/1999,0,17,2,2,0
774,7/1/1999,0,13,5,2,0
775,7/1/1999,0,19,6,2,0
776,7/1/1999,0,4,7,2,0
777,7/1/1999,0,18,9,2,0
778,7/1/1999,0,3,10,2,0
779,7/1/1999,0,20,12,2,0
780,7/1/1999,0,14,15,2,0
781,7/1/1999,0,8,16,2,0
782,7/2/1999,0,4,3,2,0
783,7/2/1999,0,6,5,2,0
784,7/2/1999,0,12,7,2,0
785,7/2/1999,0,15,8,2,0
786,7/2/1999,0,10,11,2,0
787,7/2/1999,0,13,14,2,0
788,7/2/1999,0,16,17,2,0
789,7/2/1999,0,1,18,2,0
790,7/2/1999,0,2,19,2,0
791,7/2/1999,0,9,20,2,0
792,7/3/1999,0,4,3,2,0
793,7/3/1999,0,6,5,2,0
794,7/3/1999,0,12,7,2,0
795,7/3/1999,0,15,8,2,0
796,7/3/1999,0,10,11,2,0
797,7/3/1999,0,13,14,2,0
798,7/3/1999,0,16,17,2,0
799,7/3/1999,0,1,18,2,0
800,7/3/1999,0,2,19,2,0
801,7/3/1999,0,9,20,2,0
802,7/4/1999,0,4,3,2,0
803,7/4/1999,0,6,5,2,0
804,7/4/1999,0,12,7,2,0
805,7/4/1999,0,15,8,2,0
806,7/4/1999,0,10,11,2,0
807,7/4/1999,0,13,14,2,0
808,7/4/1999,0,16,17,2,0
809,7/4/1999,0,1,18,2,0
810,7/4/1999,0,2,19,2,0
811,7/4/1999,0,9,20,2,0
812,7/5/1999,0,20,1,2,0
813,7/5/1999,0,5,2,2,0
814,7/5/1999,0,11,4,2,0
815,7/5/1999,0,14,6,2,0
816,7/5/1999,0,7,9,2,0
817,7/5/1999,0,3,12,2,0
818,7/5/1999,0,8,13,2,0
819,7/5/1999,0,19,16,2,0
820,7/5/1999,0,15,17,2,0
821,7/5/1999,0,10,18,2,0
822,7/6/1999,0,20,1,2,0
823,7/6/1999,0,5,2,2,0
824,7/6/1999,0,11,4,2,0
825,7/6/1999,0,14,6,2,0
826,7/6/1999,0,7,9,2,0
827,7/6/1999,0,3,12,2,0
828,7/6/1999,0,8,13,2,0
829,7/6/1999,0,19,16,2,0
830,7/6/1999,0,15,17,2,0
831,7/6/1999,0,10,18,2,0
832,7/7/1999,0,20,1,2,0
833,7/7/1999,0,5,2,2,0
834,7/7/1999,0,11,4,2,0
835,7/7/1999,0,14,6,2,0
836,7/7/1999,0,7,9,2,0
837,7/7/1999,0,3,12,2,0
838,7/7/1999,0,8,13,2,0
839,7/7/1999,0,19,16,2,0
840,7/7/1999,0,15,17,2,0
841,7/7/1999,0,10,18,2,0
842,7/8/1999,0,9,3,2,0
843,7/8/1999,0,16,5,2,0
844,7/8/1999,0,1,7,2,0
845,7/8/1999,0,6,8,2,0
846,7/8/1999,0,12,11,2,0
847,7/8/1999,0,2,14,2,0
848,7/8/1999,0,13,17,2,0
849,7/8/1999,0,4,18,2,0
850,7/8/1999,0,15,19,2,0
851,7/8/1999,0,10,20,2,0
852,7/9/1999,0,9,3,2,0
853,7/9/1999,0,16,5,2,0
854,7/9/1999,0,1,7,2,0
855,7/9/1999,0,6,8,2,0
856,7/9/1999,0,12,11,2,0
857,7/9/1999,0,2,14,2,0
858,7/9/1999,0,13,17,2,0
859,7/9/1999,0,4,18,2,0
860,7/9/1999,0,15,19,2,0
861,7/9/1999,0,10,20,2,0
862,7/10/1999,0,9,3,2,0
863,7/10/1999,0,16,5,2,0
864,7/10/1999,0,1,7,2,0
865,7/10/1999,0,6,8,2,0
866,7/10/1999,0,12,11,2,0
867,7/10/1999,0,2,14,2,0
868,7/10/1999,0,13,17,2,0
869,7/10/1999,0,4,18,2,0
870,7/10/1999,0,15,19,2,0
871,7/10/1999,0,10,20,2,0
872,7/11/1999,0,9,3,2,0
873,7/11/1999,0,16,5,2,0
874,7/11/1999,0,1,7,2,0
875,7/11/1999,0,6,8,2,0
876,7/11/1999,0,12,11,2,0
877,7/11/1999,0,2,14,2,0
878,7/11/1999,0,13,17,2,0
879,7/11/1999,0,4,18,2,0
880,7/11/1999,0,15,19,2,0
881,7/11/1999,0,10,20,2,0
882,7/15/1999,0,9,2,2,0
883,7/15/1999,0,7,5,2,0
884,7/15/1999,0,12,6,2,0
885,7/15/1999,0,11,8,2,0
886,7/15/1999,0,4,13,2,0
887,7/15/1999,0,3,14,2,0
888,7/15/1999,0,10,15,2,0
889,7/15/1999,0,1,16,2,0
890,7/15/1999,0,18,17,2,0
891,7/15/1999,0,20,19,2,0
892,7/16/1999,0,9,2,2,0
893,7/16/1999,0,7,5,2,0
894,7/16/1999,0,12,6,2,0
895,7/16/1999,0,11,8,2,0
896,7/16/1999,0,4,13,2,0
897,7/16/1999,0,3,14,2,0
898,7/16/1999,0,10,15,2,0
899,7/16/1999,0,1,16,2,0
900,7/16/1999,0,18,17,2,0
901,7/16/1999,0,20,19,2,0
902,7/17/1999,0,9,2,2,0
903,7/17/1999,0,7,5,2,0
904,7/17/1999,0,12,6,2,0
905,7/17/1999,0,11,8,2,0
906,7/17/1999,0,4,13,2,0
907,7/17/1999,0,3,14,2,0
908,7/17/1999,0,10,15,2,0
909,7/17/1999,0,1,16,2,0
910,7/17/1999,0,18,17,2,0
911,7/17/1999,0,20,19,2,0
912,7/18/1999,0,9,2,2,0
913,7/18/1999,0,7,5,2,0
914,7/18/1999,0,12,6,2,0
915,7/18/1999,0,11,8,2,0
916,7/18/1999,0,4,13,2,0
917,7/18/1999,0,3,14,2,0
918,7/18/1999,0,10,15,2,0
919,7/18/1999,0,1,16,2,0
920,7/18/1999,0,18,17,2,0
921,7/18/1999,0,20,19,2,0
922,7/19/1999,0,15,1,2,0
923,7/19/1999,0,5,3,2,0
924,7/19/1999,0,6,4,2,0
925,7/19/1999,0,19,7,2,0
926,7/19/1999,0,14,9,2,0
927,7/19/1999,0,13,10,2,0
928,7/19/1999,0,16,11,2,0
929,7/19/1999,0,2,12,2,0
930,7/19/1999,0,8,18,2,0
931,7/19/1999,0,17,20,2,0
932,7/20/1999,0,15,1,2,0
933,7/20/1999,0,5,3,2,0
934,7/20/1999,0,6,4,2,0
935,7/20/1999,0,19,7,2,0
936,7/20/1999,0,14,9,2,0
937,7/20/1999,0,13,10,2,0
938,7/20/1999,0,16,11,2,0
939,7/20/1999,0,2,12,2,0
940,7/20/1999,0,8,18,2,0
941,7/20/1999,0,17,20,2,0
942,7/21/1999,0,15,1,2,0
943,7/21/1999,0,5,3,2,0
944,7/21/1999,0,6,4,2,0
945,7/21/1999,0,19,7,2,0
946,7/21/1999,0,14,9,2,0
947,7/21/1999,0,13,10,2,0
948,7/21/1999,0,16,11,2,0
949,7/21/1999,0,2,12,2,0
950,7/21/1999,0,8,18,2,0
951,7/21/1999,0,17,20,2,0
952,7/22/1999,0,4,2,2,0
953,7/22/1999,0,10,6,2,0
954,7/22/1999,0,20,8,2,0
955,7/22/1999,0,5,9,2,0
956,7/22/1999,0,14,12,2,0
957,7/22/1999,0,1,13,2,0
958,7/22/1999,0,11,15,2,0
959,7/22/1999,0,18,16,2,0
960,7/22/1999,0,7,17,2,0
961,7/22/1999,0,3,19,2,0
962,7/23/1999,0,4,2,2,0
963,7/23/1999,0,10,6,2,0
964,7/23/1999,0,20,8,2,0
965,7/23/1999,0,5,9,2,0
966,7/23/1999,0,14,12,2,0
967,7/23/1999,0,1,13,2,0
968,7/23/1999,0,11,15,2,0
969,7/23/1999,0,18,16,2,0
970,7/23/1999,0,7,17,2,0
971,7/23/1999,0,3,19,2,0
972,7/24/1999,0,4,2,2,0
973,7/24/1999,0,10,6,2,0
974,7/24/1999,0,20,8,2,0
975,7/24/1999,0,5,9,2,0
976,7/24/1999,0,14,12,2,0
977,7/24/1999,0,1,13,2,0
978,7/24/1999,0,11,15,2,0
979,7/24/1999,0,18,16,2,0
980,7/24/1999,0,7,17,2,0
981,7/24/1999,0,3,19,2,0
982,7/25/1999,0,4,2,2,0
983,7/25/1999,0,10,6,2,0
984,7/25/1999,0,20,8,2,0
985,7/25/1999,0,5,9,2,0
986,7/25/1999,0,14,12,2,0
987,7/25/1999,0,1,13,2,0
988,7/25/1999,0,11,15,2,0
989,7/25/1999,0,18,16,2,0
990,7/25/1999,0,7,17,2,0
991,7/25/1999,0,3,19,2,0
992,7/27/1999,0,6,1,2,0
993,7/27/1999,0,17,3,2,0
994,7/27/1999,0,14,4,2,0
995,7/27/1999,0,8,7,2,0
996,7/27/1999,0,19,9,2,0
997,7/27/1999,0,2,10,2,0
998,7/27/1999,0,13,11,2,0
999,7/27/1999,0,5,12,2,0
1000,7/27/1999,0,15,18,2,0
1001,7/27/1999,0,16,20,2,0
1002,7/28/1999,0,6,1,2,0
1003,7/28/1999,0,17,3,2,0
1004,7/28/1999,0,14,4,2,0
1005,7/28/1999,0,8,7,2,0
1006,7/28/1999,0,19,9,2,0
1007,7/28/1999,0,2,10,2,0
1008,7/28/1999,0,13,11,2,0
1009,7/28/1999,0,5,12,2,0
1010,7/28/1999,0,15,18,2,0
1011,7/28/1999,0,16,20,2,0
1012,7/29/1999,0,6,1,2,0
1013,7/29/1999,0,17,3,2,0
1014,7/29/1999,0,14,4,2,0
1015,7/29/1999,0,8,7,2,0
1016,7/29/1999,0,19,9,2,0
1017,7/29/1999,0,2,10,2,0
1018,7/29/1999,0,13,11,2,0
1019,7/29/1999,0,5,12,2,0
1020,7/29/1999,0,15,18,2,0
1021,7/29/1999,0,16,20,2,0
1022,7/30/1999,0,1,2,2,0
1023,7/30/1999,0,4,5,2,0
1024,7/30/1999,0,11,6,2,0
1025,7/30/1999,0,3,8,2,0
1026,7/30/1999,0,18,13,2,0
1027,7/30/1999,0,10,14,2,0
1028,7/30/1999,0,20,15,2,0
1029,7/30/1999,0,7,16,2,0
1030,7/30/1999,0,9,17,2,0
1031,7/30/1999,0,12,19,2,0
1032,7/31/1999,0,1,2,2,0
1033,7/31/1999,0,4,5,2,0
1034,7/31/1999,0,11,6,2,0
1035,7/31/1999,0,3,8,2,0
1036,7/31/1999,0,18,13,2,0
1037,7/31/1999,0,10,14,2,0
1038,7/31/1999,0,20,15,2,0
1039,7/31/1999,0,7,16,2,0
1040,7/31/1999,0,9,17,2,0
1041,7/31/1999,0,12,19,2,0
1042,8/1/1999,0,1,2,2,0
1043,8/1/1999,0,4,5,2,0
1044,8/1/1999,0,11,6,2,0
1045,8/1/1999,0,3,8,2,0
1046,8/1/1999,0,18,13,2,0
1047,8/1/1999,0,10,14,2,0
1048,8/1/1999,0,20,15,2,0
1049,8/1/1999,0,7,16,2,0
1050,8/1/1999,0,9,17,2,0
1051,8/1/1999,0,12,19,2,0
1052,8/2/1999,0,14,1,2,0
1053,8/2/1999,0,16,3,2,0
1054,8/2/1999,0,19,4,2,0
1055,8/2/1999,0,15,7,2,0
1056,8/2/1999,0,8,9,2,0
1057,8/2/1999,0,5,10,2,0
1058,8/2/1999,0,2,11,2,0
1059,8/2/1999,0,17,12,2,0
1060,8/2/1999,0,6,18,2,0
1061,8/2/1999,0,13,20,2,0
1062,8/3/1999,0,14,1,2,0
1063,8/3/1999,0,16,3,2,0
1064,8/3/1999,0,19,4,2,0
1065,8/3/1999,0,15,7,2,0
1066,8/3/1999,0,8,9,2,0
1067,8/3/1999,0,5,10,2,0
1068,8/3/1999,0,2,11,2,0
1069,8/3/1999,0,17,12,2,0
1070,8/3/1999,0,6,18,2,0
1071,8/3/1999,0,13,20,2,0
1072,8/4/1999,0,14,1,2,0
1073,8/4/1999,0,16,3,2,0
1074,8/4/1999,0,19,4,2,0
1075,8/4/1999,0,15,7,2,0
1076,8/4/1999,0,8,9,2,0
1077,8/4/1999,0,5,10,2,0
1078,8/4/1999,0,2,11,2,0
1079,8/4/1999,0,17,12,2,0
1080,8/4/1999,0,6,18,2,0
1081,8/4/1999,0,13,20,2,0
1082,8/6/1999,0,18,2,2,0
1083,8/6/1999,0,17,4,2,0
1084,8/6/1999,0,1,5,2,0
1085,8/6/1999,0,20,6,2,0
1086,8/6/1999,0,12,8,2,0
1087,8/6/1999,0,19,10,2,0
1088,8/6/1999,0,7,13,2,0
1089,8/6/1999,0,11,14,2,0
1090,8/6/1999,0,3,15,2,0
1091,8/6/1999,0,9,16,2,0
1092,8/7/1999,0,18,2,2,0
1093,8/7/1999,0,17,4,2,0
1094,8/7/1999,0,1,5,2,0
1095,8/7/1999,0,20,6,2,0
1096,8/7/1999,0,12,8,2,0
1097,8/7/1999,0,19,10,2,0
1098,8/7/1999,0,7,13,2,0
1099,8/7/1999,0,11,14,2,0
1100,8/7/1999,0,3,15,2,0
1101,8/7/1999,0,9,16,2,0
1102,8/8/1999,0,18,2,2,0
1103,8/8/1999,0,17,4,2,0
1104,8/8/1999,0,1,5,2,0
1105,8/8/1999,0,20,6,2,0
1106,8/8/1999,0,12,8,2,0
1107,8/8/1999,0,19,10,2,0
1108,8/8/1999,0,7,13,2,0
1109,8/8/1999,0,11,14,2,0
1110,8/8/1999,0,3,15,2,0
1111,8/8/1999,0,9,16,2,0
1112,8/9/1999,0,18,2,2,0
1113,8/9/1999,0,17,4,2,0
1114,8/9/1999,0,1,5,2,0
1115,8/9/1999,0,20,6,2,0
1116,8/9/1999,0,12,8,2,0
1117,8/9/1999,0,19,10,2,0
1118,8/9/1999,0,7,13,2,0
1119,8/9/1999,0,11,14,2,0
1120,8/9/1999,0,3,15,2,0
1121,8/9/1999,0,9,16,2,0
1122,8/10/1999,0,19,1,2,0
1123,8/10/1999,0,13,3,2,0
1124,8/10/1999,0,8,4,2,0
1125,8/10/1999,0,6,7,2,0
1126,8/10/1999,0,15,9,2,0
1127,8/10/1999,0,17,10,2,0
1128,8/10/1999,0,5,11,2,0
1129,8/10/1999,0,16,12,2,0
1130,8/10/1999,0,14,18,2,0
1131,8/10/1999,0,2,20,2,0
1132,8/11/1999,0,19,1,2,0
1133,8/11/1999,0,13,3,2,0
1134,8/11/1999,0,8,4,2,0
1135,8/11/1999,0,6,7,2,0
1136,8/11/1999,0,15,9,2,0
1137,8/11/1999,0,17,10,2,0
1138,8/11/1999,0,5,11,2,0
1139,8/11/1999,0,16,12,2,0
1140,8/11/1999,0,14,18,2,0
1141,8/11/1999,0,2,20,2,0
1142,8/12/1999,0,19,1,2,0
1143,8/12/1999,0,13,3,2,0
1144,8/12/1999,0,8,4,2,0
1145,8/12/1999,0,6,7,2,0
1146,8/12/1999,0,15,9,2,0
1147,8/12/1999,0,17,10,2,0
1148,8/12/1999,0,5,11,2,0
1149,8/12/1999,0,16,12,2,0
1150,8/12/1999,0,14,18,2,0
1151,8/12/1999,0,2,20,2,0
1152,8/13/1999,0,19,1,2,0
1153,8/13/1999,0,13,3,2,0
1154,8/13/1999,0,8,4,2,0
1155,8/13/1999,0,6,7,2,0
1156,8/13/1999,0,15,9,2,0
1157,8/13/1999,0,17,10,2,0
1158,8/13/1999,0,5,11,2,0
1159,8/13/1999,0,16,12,2,0
1160,8/13/1999,0,14,18,2,0
1161,8/13/1999,0,2,20,2,0
1162,8/14/1999,0,7,2,2,0
1163,8/14/1999,0,18,5,2,0
1164,8/14/1999,0,3,6,2,0
1165,8/14/1999,0,10,8,2,0
1166,8/14/1999,0,9,13,2,0
1167,8/14/1999,0,20,14,2,0
1168,8/14/1999,0,12,15,2,0
1169,8/14/1999,0,4,16,2,0
1170,8/14/1999,0,1,17,2,0
1171,8/14/1999,0,11,19,2,0
1172,8/15/1999,0,7,2,2,0
1173,8/15/1999,0,18,5,2,0
1174,8/15/1999,0,3,6,2,0
1175,8/15/1999,0,10,8,2,0
1176,8/15/1999,0,9,13,2,0
1177,8/15/1999,0,20,14,2,0
1178,8/15/1999,0,12,15,2,0
1179,8/15/1999,0,4,16,2,0
1180,8/15/1999,0,1,17,2,0
1181,8/15/1999,0,11,19,2,0
1182,8/17/1999,0,20,5,2,0
1183,8/17/1999,0,1,8,2,0
1184,8/17/1999,0,7,14,2,0
1185,8/17/1999,0,4,15,2,0
1186,8/17/1999,0,10,16,2,0
1187,8/17/1999,0,3,2,2,0
1188,8/17/1999,0,9,6,2,0
1189,8/17/1999,0,12,13,2,0
1190,8/17/1999,0,11,17,2,0
1191,8/17/1999,0,18,19,2,0
1192,8/18/1999,0,3,2,2,0
1193,8/18/1999,0,20,5,2,0
1194,8/18/1999,0,9,6,2,0
1195,8/18/1999,0,1,8,2,0
1196,8/18/1999,0,12,13,2,0
1197,8/18/1999,0,7,14,2,0
1198,8/18/1999,0,4,15,2,0
1199,8/18/1999,0,10,16,2,0
1200,8/18/1999,0,11,17,2,0
1201,8/18/1999,0,18,19,2,0
1202,8/19/1999,0,3,2,2,0
1203,8/19/1999,0,20,5,2,0
1204,8/19/1999,0,9,6,2,0
1205,8/19/1999,0,1,8,2,0
1206,8/19/1999,0,12,13,2,0
1207,8/19/1999,0,7,14,2,0
1208,8/19/1999,0,4,15,2,0
1209,8/19/1999,0,10,16,2,0
1210,8/19/1999,0,11,17,2,0
1211,8/19/1999,0,18,19,2,0
1212,8/20/1999,0,20,5,2,0
1213,8/20/1999,0,9,6,2,0
1214,8/20/1999,0,1,8,2,0
1215,8/20/1999,0,12,13,2,0
1216,8/20/1999,0,7,14,2,0
1217,8/20/1999,0,4,15,2,0
1218,8/20/1999,0,10,16,2,0
1219,8/20/1999,0,11,17,2,0
1220,8/20/1999,0,18,19,2,0
1221,8/21/1999,0,9,1,2,0
1222,8/21/1999,0,11,3,2,0
1223,8/21/1999,0,15,5,2,0
1224,8/21/1999,0,13,6,2,0
1225,8/21/1999,0,10,7,2,0
1226,8/21/1999,0,4,12,2,0
1227,8/21/1999,0,8,14,2,0
1228,8/21/1999,0,2,16,2,0
1229,8/21/1999,0,17,19,2,0
1230,8/21/1999,0,18,20,2,0
1231,8/22/1999,0,9,1,2,0
1232,8/22/1999,0,11,3,2,0
1233,8/22/1999,0,15,5,2,0
1234,8/22/1999,0,13,6,2,0
1235,8/22/1999,0,10,7,2,0
1236,8/22/1999,0,4,12,2,0
1237,8/22/1999,0,8,14,2,0
1238,8/22/1999,0,2,16,2,0
1239,8/22/1999,0,17,19,2,0
1240,8/22/1999,0,18,20,2,0
1241,8/23/1999,0,13,2,2,0
1242,8/23/1999,0,15,6,2,0
1243,8/23/1999,0,19,8,2,0
1244,8/23/1999,0,4,9,2,0
1245,8/23/1999,0,10,12,2,0
1246,8/23/1999,0,5,17,2,0
1247,8/23/1999,0,7,11,2,0
1248,8/23/1999,0,3,20,2,0
1249,8/23/1999,0,18,1,2,0
1250,8/24/1999,0,17,6,2,0
1251,8/24/1999,0,15,2,2,0
1252,8/24/1999,0,1,4,2,0
1253,8/24/1999,0,5,8,2,0
1254,8/24/1999,0,10,9,2,0
1255,8/24/1999,0,7,11,2,0
1256,8/24/1999,0,18,12,2,0
1257,8/24/1999,0,16,13,2,0
1258,8/24/1999,0,14,19,2,0
1259,8/24/1999,0,3,20,2,0
1260,8/25/1999,0,20,3,2,0
1261,8/25/1999,0,11,7,2,0
1262,8/25/1999,0,9,4,2,0
1263,8/25/1999,0,17,5,2,0
1264,8/25/1999,0,12,10,2,0
1265,8/25/1999,0,2,13,2,0
1266,8/25/1999,0,6,15,2,0
1267,8/25/1999,0,8,19,2,0
1268,8/25/1999,0,16,18,2,0
1269,8/25/1999,0,1,14,2,0
1270,8/27/1999,0,20,11,2,0
1271,8/27/1999,0,7,18,2,0
1272,8/27/1999,0,19,5,2,0
1273,8/27/1999,0,13,15,2,0
1274,8/27/1999,0,12,1,2,0
1275,8/27/1999,0,4,10,2,0
1276,8/27/1999,0,17,14,2,0
1277,8/27/1999,0,6,16,2,0
1278,8/27/1999,0,9,8,2,0
1279,8/27/1999,0,2,3,2,0
1280,8/28/1999,0,10,4,2,0
1281,8/28/1999,0,16,6,2,0
1282,8/28/1999,0,1,12,2,0
1283,8/28/1999,0,15,13,2,0
1284,8/28/1999,0,14,17,2,0
1285,8/28/1999,0,5,19,2,0
1286,8/28/1999,0,18,7,2,0
1287,8/28/1999,0,11,20,2,0
1288,8/28/1999,0,8,2,2,0
1289,8/28/1999,0,3,9,2,0
1290,8/29/1999,0,9,1,2,0
1291,8/29/1999,0,12,4,2,0
1292,8/29/1999,0,6,13,2,0
1293,8/29/1999,0,8,14,2,0
1294,8/29/1999,0,2,16,2,0
1295,8/29/1999,0,17,19,2,0
1296,8/29/1999,0,18,3,2,0
1297,8/29/1999,0,20,7,2,0
1298,8/29/1999,0,11,10,2,0
1299,8/29/1999,0,5,15,2,0
1300,8/30/1999,0,3,18,2,0
1301,8/30/1999,0,7,20,2,0
1302,8/30/1999,0,9,1,2,0
1303,8/30/1999,0,12,4,2,0
1304,8/30/1999,0,6,13,2,0
1305,8/30/1999,0,8,14,2,0
1306,8/30/1999,0,2,16,2,0
1307,8/30/1999,0,17,19,2,0
1308,8/30/1999,0,10,11,2,0
1309,8/31/1999,0,6,17,2,0
1310,8/31/1999,0,11,3,2,0
1311,8/31/1999,0,18,20,2,0
1312,8/31/1999,0,15,2,2,0
1313,8/31/1999,0,5,8,2,0
1314,8/31/1999,0,10,9,2,0
1315,8/31/1999,0,14,19,2,0
1316,8/31/1999,0,1,4,2,0
1317,8/31/1999,0,16,13,2,0
1318,8/31/1999,0,7,12,2,0
1319,9/1/1999,0,4,1,2,0
1320,9/1/1999,0,8,5,2,0
1321,9/1/1999,0,9,10,2,0
1322,9/1/1999,0,19,14,2,0
1323,9/1/1999,0,2,15,2,0
1324,9/1/1999,0,13,16,2,0
1325,9/1/1999,0,3,11,2,0
1326,9/1/1999,0,20,18,2,0
1327,9/1/1999,0,17,6,2,0
1328,9/1/1999,0,12,7,2,0
1329,9/2/1999,0,2,8,2,0
1330,9/2/1999,0,10,4,2,0
1331,9/2/1999,0,16,6,2,0
1332,9/2/1999,0,11,9,2,0
1333,9/2/1999,0,1,12,2,0
1334,9/2/1999,0,15,13,2,0
1335,9/2/1999,0,14,17,2,0
1336,9/2/1999,0,3,18,2,0
1337,9/2/1999,0,5,19,2,0
1338,9/2/1999,0,7,20,2,0
1339,9/3/1999,0,8,2,2,0
1340,9/3/1999,0,1,12,2,0
1341,9/3/1999,0,14,17,2,0
1342,9/3/1999,0,5,19,2,0
1343,9/3/1999,0,10,4,2,0
1344,9/3/1999,0,16,6,2,0
1345,9/3/1999,0,11,9,2,0
1346,9/3/1999,0,15,13,2,0
1347,9/3/1999,0,3,18,2,0
1348,9/3/1999,0,7,20,2,0
1349,9/4/1999,0,10,3,2,0
1350,9/4/1999,0,7,4,2,0
1351,9/4/1999,0,16,8,2,0
1352,9/4/1999,0,1,11,2,0
1353,9/4/1999,0,5,13,2,0
1354,9/4/1999,0,15,14,2,0
1355,9/4/1999,0,2,17,2,0
1356,9/4/1999,0,9,18,2,0
1357,9/4/1999,0,6,19,2,0
1358,9/4/1999,0,12,20,2,0
1359,9/5/1999,0,10,3,2,0
1360,9/5/1999,0,15,14,2,0
1361,9/5/1999,0,2,17,2,0
1362,9/5/1999,0,7,4,2,0
1363,9/5/1999,0,16,8,2,0
1364,9/5/1999,0,1,11,2,0
1365,9/5/1999,0,5,13,2,0
1366,9/5/1999,0,9,18,2,0
1367,9/5/1999,0,6,19,2,0
1368,9/5/1999,0,12,20,2,0
1369,9/7/1999,0,2,5,2,0
1370,9/7/1999,0,18,10,2,0
1371,9/7/1999,0,4,11,2,0
1372,9/7/1999,0,6,14,2,0
1373,9/7/1999,0,16,19,2,0
1374,9/7/1999,0,1,20,2,0
1375,9/7/1999,0,12,3,2,0
1376,9/7/1999,0,9,7,2,0
1377,9/7/1999,0,13,8,2,0
1378,9/7/1999,0,17,15,2,0
1379,9/8/1999,0,7,1,2,0
1380,9/8/1999,0,14,2,2,0
1381,9/8/1999,0,18,4,2,0
1382,9/8/1999,0,8,6,2,0
1383,9/8/1999,0,20,10,2,0
1384,9/8/1999,0,11,12,2,0
1385,9/8/1999,0,17,13,2,0
1386,9/8/1999,0,19,15,2,0
1387,9/8/1999,0,5,16,2,0
1388,9/9/1999,0,13,1,2,0
1389,9/9/1999,0,19,3,2,0
1390,9/9/1999,0,2,4,2,0
1391,9/9/1999,0,9,5,2,0
1392,9/9/1999,0,17,7,2,0
1393,9/9/1999,0,6,10,2,0
1394,9/9/1999,0,12,14,2,0
1395,9/9/1999,0,8,20,2,0
1396,9/10/1999,0,13,1,2,0
1397,9/10/1999,0,19,3,2,0
1398,9/10/1999,0,2,4,2,0
1399,9/10/1999,0,9,5,2,0
1400,9/10/1999,0,17,7,2,0
1401,9/10/1999,0,6,10,2,0
1402,9/10/1999,0,15,11,2,0
1403,9/10/1999,0,12,14,2,0
1404,9/10/1999,0,16,18,2,0
1405,9/10/1999,0,8,20,2,0
1406,9/11/1999,0,10,2,2,0
1407,9/11/1999,0,12,5,2,0
1408,9/11/1999,0,1,6,2,0
1409,9/11/1999,0,7,8,2,0
1410,9/11/1999,0,11,13,2,0
1411,9/11/1999,0,4,14,2,0
1412,9/11/1999,0,18,15,2,0
1413,9/11/1999,0,20,16,2,0
1414,9/11/1999,0,3,17,2,0
1415,9/11/1999,0,9,19,2,0
1416,9/12/1999,0,8,3,2,0
1417,9/12/1999,0,16,7,2,0
1418,9/12/1999,0,14,10,2,0
1419,9/12/1999,0,13,18,2,0
1420,9/12/1999,0,2,1,2,0
1421,9/12/1999,0,5,4,2,0
1422,9/12/1999,0,17,9,2,0
1423,9/12/1999,0,6,11,2,0
1424,9/12/1999,0,19,12,2,0
1425,9/12/1999,0,15,20,2,0
1426,9/13/1999,0,11,2,2,0
1427,9/13/1999,0,10,5,2,0
1428,9/13/1999,0,20,13,2,0
1429,9/13/1999,0,7,15,2,0
1430,9/13/1999,0,3,16,2,0
1431,9/13/1999,0,12,17,2,0
1432,9/13/1999,0,18,6,2,0
1433,9/13/1999,0,4,19,2,0
1434,9/14/1999,0,17,1,2,0
1435,9/14/1999,0,6,3,2,0
1436,9/14/1999,0,16,4,2,0
1437,9/14/1999,0,2,7,2,0
1438,9/14/1999,0,13,9,2,0
1439,9/14/1999,0,8,10,2,0
1440,9/14/1999,0,19,11,2,0
1441,9/14/1999,0,15,12,2,0
1442,9/14/1999,0,5,18,2,0
1443,9/14/1999,0,14,20,2,0
1444,9/15/1999,0,17,1,2,0
1445,9/15/1999,0,6,3,2,0
1446,9/15/1999,0,16,4,2,0
1447,9/15/1999,0,2,7,2,0
1448,9/15/1999,0,13,9,2,0
1449,9/15/1999,0,8,10,2,0
1450,9/15/1999,0,19,11,2,0
1451,9/15/1999,0,15,12,2,0
1452,9/15/1999,0,5,18,2,0
1453,9/15/1999,0,14,20,2,0
1454,9/17/1999,0,16,2,2,0
1455,9/17/1999,0,12,4,2,0
1456,9/17/1999,0,14,8,2,0
1457,9/17/1999,0,1,9,2,0
1458,9/17/1999,0,7,10,2,0
1459,9/17/1999,0,3,11,2,0
1460,9/17/1999,0,6,13,2,0
1461,9/17/1999,0,19,17,2,0
1462,9/17/1999,0,20,18,2,0
1463,9/17/1999,0,5,15,2,0
1464,9/18/1999,0,16,2,2,0
1465,9/18/1999,0,12,4,2,0
1466,9/18/1999,0,14,8,2,0
1467,9/18/1999,0,1,9,2,0
1468,9/18/1999,0,7,10,2,0
1469,9/18/1999,0,3,11,2,0
1470,9/18/1999,0,6,13,2,0
1471,9/18/1999,0,19,17,2,0
1472,9/18/1999,0,20,18,2,0
1473,9/19/1999,0,20,4,2,0
1474,9/19/1999,0,19,13,2,0
1475,9/19/1999,0,10,1,2,0
1476,9/19/1999,0,7,3,2,0
1477,9/19/1999,0,2,6,2,0
1478,9/19/1999,0,9,12,2,0
1479,9/19/1999,0,5,14,2,0
1480,9/19/1999,0,15,16,2,0
1481,9/19/1999,0,8,17,2,0
1482,9/19/1999,0,11,18,2,0
1483,9/20/1999,0,7,3,2,0
1484,9/20/1999,0,9,12,2,0
1485,9/20/1999,0,5,14,2,0
1486,9/20/1999,0,15,16,2,0
1487,9/20/1999,0,8,17,2,0
1488,9/20/1999,0,10,1,2,0
1489,9/20/1999,0,2,6,2,0
1490,9/20/1999,0,11,18,2,0
1491,9/20/1999,0,19,4,2,0
1492,9/20/1999,0,13,20,2,0
1493,9/21/1999,0,20,1,2,0
1494,9/21/1999,0,5,2,2,0
1495,9/21/1999,0,11,4,2,0
1496,9/21/1999,0,14,6,2,0
1497,9/21/1999,0,7,9,2,0
1498,9/21/1999,0,3,12,2,0
1499,9/21/1999,0,8,13,2,0
1500,9/21/1999,0,19,16,2,0
1501,9/21/1999,0,15,17,2,0
1502,9/21/1999,0,10,18,2,0
1503,9/22/1999,0,11,1,2,0
1504,9/22/1999,0,17,2,2,0
1505,9/22/1999,0,19,6,2,0
1506,9/22/1999,0,4,7,2,0
1507,9/22/1999,0,18,9,2,0
1508,9/22/1999,0,3,10,2,0
1509,9/22/1999,0,20,12,2,0
1510,9/22/1999,0,14,15,2,0
1511,9/22/1999,0,8,16,2,0
1512,9/23/1999,0,10,12,2,0
1513,9/23/1999,0,7,18,2,0
1514,9/23/1999,0,4,3,2,0
1515,9/23/1999,0,6,5,2,0
1516,9/23/1999,0,15,8,2,0
1517,9/23/1999,0,13,14,2,0
1518,9/23/1999,0,16,17,2,0
1519,9/23/1999,0,2,19,2,0
1520,9/23/1999,0,9,20,2,0
1521,9/24/1999,0,11,7,2,0
1522,9/24/1999,0,12,18,2,0
1523,9/24/1999,0,1,10,2,0
1524,9/24/1999,0,19,2,2,0
1525,9/24/1999,0,3,4,2,0
1526,9/24/1999,0,20,9,2,0
1527,9/24/1999,0,8,15,2,0
1528,9/24/1999,0,5,6,2,0
1529,9/24/1999,0,14,13,2,0
1530,9/24/1999,0,17,16,2,0
1531,9/25/1999,0,15,1,2,0
1532,9/25/1999,0,5,3,2,0
1533,9/25/1999,0,6,4,2,0
1534,9/25/1999,0,19,7,2,0
1535,9/25/1999,0,14,9,2,0
1536,9/25/1999,0,13,10,2,0
1537,9/25/1999,0,16,11,2,0
1538,9/25/1999,0,2,12,2,0
1539,9/25/1999,0,8,18,2,0
1540,9/25/1999,0,17,20,2,0
1541,9/26/1999,0,3,2,2,0
1542,9/26/1999,0,8,1,2,0
1543,9/26/1999,0,15,4,2,0
1544,9/26/1999,0,14,7,2,0
1545,9/26/1999,0,6,9,2,0
1546,9/26/1999,0,16,10,2,0
1547,9/26/1999,0,17,11,2,0
1548,9/26/1999,0,13,12,2,0
1549,9/26/1999,0,19,18,2,0
1550,9/26/1999,0,5,20,2,0
1551,9/27/1999,0,6,1,2,0
1552,9/27/1999,0,17,3,2,0
1553,9/27/1999,0,14,4,2,0
1554,9/27/1999,0,8,7,2,0
1555,9/27/1999,0,19,9,2,0
1556,9/27/1999,0,2,10,2,0
1557,9/27/1999,0,13,11,2,0
1558,9/27/1999,0,5,12,2,0
1559,9/27/1999,0,15,18,2,0
1560,9/27/1999,0,16,20,2,0
1561,9/28/1999,0,1,2,2,0
1562,9/28/1999,0,4,5,2,0
1563,9/28/1999,0,11,6,2,0
1564,9/28/1999,0,3,8,2,0
1565,9/28/1999,0,18,13,2,0
1566,9/28/1999,0,10,14,2,0
1567,9/28/1999,0,20,15,2,0
1568,9/28/1999,0,7,16,2,0
1569,9/28/1999,0,9,17,2,0
1570,9/28/1999,0,12,19,2,0
1571,9/29/1999,0,19,20,2,0
1572,9/29/1999,0,4,10,2,0
1573,9/29/1999,0,13,5,2,0
1574,9/29/1999,0,14,1,2,0
1575,9/29/1999,0,16,3,2,0
1576,9/29/1999,0,15,7,2,0
1577,9/29/1999,0,8,9,2,0
1578,9/29/1999,0,2,11,2,0
1579,9/29/1999,0,17,12,2,0
1580,9/29/1999,0,6,18,2,0
1581,9/30/1999,0,11,3,2,0
1582,9/30/1999,0,13,6,2,0
1583,9/30/1999,0,10,7,2,0
1584,9/30/1999,0,8,14,2,0
1585,9/30/1999,0,17,19,2,0
1586,9/30/1999,0,9,1,2,0
1587,9/30/1999,0,15,5,2,0
1588,9/30/1999,0,4,12,2,0
1589,9/30/1999,0,2,16,2,0
1590,9/30/1999,0,18,20,2,0
1591,10/1/1999,0,9,1,2,0
1592,10/1/1999,0,11,3,2,0
1593,10/1/1999,0,15,5,2,0
1594,10/1/1999,0,13,6,2,0
1595,10/1/1999,0,10,7,2,0
1596,10/1/1999,0,4,12,2,0
1597,10/1/1999,0,8,14,2,0
1598,10/1/1999,0,2,16,2,0
1599,10/1/1999,0,17,19,2,0
1600,10/1/1999,0,18,20,2,0
1601,10/2/1999,0,3,18,2,0
1602,10/2/1999,0,7,20,2,0
1603,10/2/1999,0,16,2,2,0
1604,10/2/1999,0,13,6,2,0
1605,10/2/1999,0,14,8,2,0
1606,10/2/1999,0,1,9,2,0
1607,10/2/1999,0,4,12,2,0
1608,10/2/1999,0,19,17,2,0
1609,10/2/1999,0,15,11,2,0
1610,10/2/1999,0,5,10,2,0
1611,10/3/1999,0,16,14,2,0
1612,10/3/1999,0,20,3,2,0
1613,10/3/1999,0,11,7,2,0
1614,10/3/1999,0,13,2,2,0
1615,10/3/1999,0,15,6,2,0
1616,10/3/1999,0,19,8,2,0
1617,10/3/1999,0,4,9,2,0
1618,10/3/1999,0,10,12,2,0
1619,10/3/1999,0,5,17,2,0
1620,10/3/1999,0,1,18,2,0