Situational Stats Allowed by All Teams Pitchers Against All Opponents Batters   ( Home Teams Only )
Pinkerton, Team - All Teams, Opponent - All Opponents, 
All Batters, All Pitchers, All Dates, All Parks
Any Position, Any Score, Any Inning, Any Outs, Any Base, Any Count
All Hitting Types, All Pitching Arms

Pitcher's Team  IP   AB    H    D    T   HR  RBI  W    IW  K    HBP  WP  BK  PK  BF    SH  SF  Avg   OB%   Slg   OPS   
 Atoms          426  1651  420  80   8   42  219  150  6   349  11   8   5   2   1834  11  11  .254  .319  .389  .708  
 Baha'i         433  1849  629  117  18  92  420  225  4   364  20   27  13  3   2142  22  26  .340  .412  .572  .984  
 Beavis         451  1637  344  44   4   23  143  165  4   383  14   6   3   7   1836  11  9   .210  .287  .284  .571  
 Bobs           443  1755  471  89   5   54  234  135  2   322  14   8   2   1   1931  8   19  .268  .322  .417  .740  
 Brewers        393  1405  272  38   3   46  125  117  2   333  6    6   0   7   1543  7   8   .194  .257  .323  .580  
 Endorphins     386  1475  373  63   4   41  176  147  2   306  7    15  2   2   1649  7   13  .253  .321  .384  .705  
 Farmers        448  1699  426  84   9   50  223  159  2   308  16   12  2   5   1896  11  11  .251  .319  .399  .718  
 Firsts         428  1669  445  75   9   58  251  178  3   312  12   10  4   6   1883  12  12  .267  .339  .427  .766  
 GoiterMen      438  1709  458  90   6   76  258  164  4   316  22   13  1   3   1923  18  10  .268  .338  .461  .799  
 Goobers        369  1436  389  64   11  50  195  138  8   263  12   7   1   1   1612  11  15  .271  .337  .435  .772  
 Huskies        472  1786  436  55   10  36  169  125  1   326  27   13  1   4   1965  16  11  .244  .302  .347  .648  
 Loadies        478  1854  507  91   19  73  253  173  12  334  14   4   1   3   2075  19  15  .273  .338  .461  .799  
 Magellans      464  1832  533  113  18  65  290  186  6   393  14   19  5   5   2066  14  20  .291  .357  .479  .836  
 Messiahs       389  1566  464  83   9   67  250  163  10  294  12   17  2   4   1769  16  12  .296  .365  .489  .854  
 Oysters        359  1364  353  75   6   44  186  128  5   253  22   8   0   3   1534  9   11  .259  .330  .419  .749  
 Perfectos      421  1601  395  69   8   45  189  136  4   340  15   12  3   0   1772  7   13  .247  .309  .384  .693  
 Quentins       467  1788  480  83   15  60  231  168  18  328  15   11  2   5   2010  19  20  .268  .333  .432  .765  
 Reds           462  1741  410  74   10  49  205  128  2   399  11   12  4   2   1905  10  15  .235  .290  .374  .664  
 Shebazzle!     410  1672  502  104  7   52  300  189  19  259  17   19  5   1   1916  17  21  .300  .373  .464  .837  
 Whales         432  1596  350  52   4   42  137  142  8   313  12   10  2   2   1768  9   9   .219  .287  .336  .622  

===============================================================================
Situational Stats Allowed by All Teams Pitchers Against All Opponents Batters   ( Visiting Teams Only )
Pinkerton, Team - All Teams, Opponent - All Opponents, 
All Batters, All Pitchers, All Dates, All Parks
Any Position, Any Score, Any Inning, Any Outs, Any Base, Any Count
All Hitting Types, All Pitching Arms

Pitcher's Team  IP     AB    H    D    T   HR  RBI  W    IW  K    HBP  WP  BK  PK  BF    SH  SF  Avg   OB%   Slg   OPS   
 Atoms          411    1657  469  97   7   54  241  137  8   316  12   11  4   0   1832  14  12  .283  .340  .448  .788  
 Baha'i         388.2  1552  460  71   9   47  242  181  8   289  13   13  7   2   1772  12  14  .296  .372  .445  .816  
 Beavis         391.1  1486  370  77   7   35  163  146  3   403  10   14  3   4   1660  9   9   .249  .319  .381  .699  
 Bobs           397.2  1611  475  84   14  65  263  140  7   240  8    12  0   2   1794  21  14  .295  .351  .485  .837  
 Brewers        459.1  1797  480  72   12  68  240  146  4   384  10   13  2   3   1980  11  16  .267  .323  .434  .757  
 Endorphins     437.2  1704  451  70   17  53  225  162  0   359  14   18  2   3   1909  9   20  .265  .330  .419  .749  
 Farmers        383.2  1483  393  71   12  45  205  159  4   257  14   4   1   4   1678  12  10  .265  .340  .420  .760  
 Firsts         382    1539  456  81   14  49  235  156  8   281  23   19  5   5   1749  11  20  .296  .365  .463  .828  
 GoiterMen      390.2  1526  425  83   9   55  231  154  7   311  15   18  1   3   1722  17  10  .279  .348  .453  .801  
 Goobers        466.2  1781  461  85   12  56  214  173  10  330  15   12  4   6   1997  17  11  .259  .328  .414  .742  
 Huskies        371.1  1461  386  73   8   42  191  128  6   232  20   16  3   4   1626  8   9   .264  .330  .411  .741  
 Loadies        362    1465  431  74   15  37  207  143  7   283  12   14  0   1   1645  14  11  .294  .359  .441  .800  
 Magellans      379    1453  365  64   8   44  160  158  9   334  9    10  2   3   1638  10  8   .251  .327  .397  .724  
 Messiahs       424.1  1704  487  90   9   50  248  194  16  293  11   28  11  1   1929  15  5   .286  .362  .437  .799  
 Oysters        463.1  1867  565  95   8   72  339  216  19  368  28   21  3   3   2148  16  21  .303  .379  .478  .857  
 Perfectos      439    1706  449  76   6   39  225  140  9   345  16   17  10  1   1899  15  22  .263  .321  .383  .704  
 Quentins       365.1  1421  391  74   7   49  207  137  15  280  11   12  3   1   1591  16  6   .275  .342  .441  .783  
 Reds           376    1506  407  72   8   55  223  143  7   305  18   15  9   2   1684  6   11  .270  .338  .438  .777  
 Shebazzle!     407.2  1693  543  137  14  78  324  174  21  312  25   15  8   1   1936  28  16  .321  .389  .556  .945  
 Whales         404.1  1567  413  83   9   49  206  153  7   329  23   11  2   3   1776  11  22  .264  .334  .422  .756  

===============================================================================
Situational Stats by All Teams Batters Allowed by All Opponents Pitchers   ( Home Teams Only )
Pinkerton, Team - All Teams, Opponent - All Opponents, 
All Batters, All Pitchers, All Dates, All Parks
Any Position, Any Score, Any Inning, Any Outs, Any Base, Any Count
All Hitting Types, All Pitching Arms

Batter's Team  AB    H    D    T   HR  RBI  W    IW  K    HBP  GDP  SH  SF  Avg   OB%   Slg   OPS   
 Atoms         1580  422  95   7   52  202  178  8   320  6    35   13  11  .267  .341  .435  .776  
 Baha'i        1762  581  94   21  92  347  142  10  330  18   50   9   16  .330  .382  .564  .946  
 Beavis        1594  385  44   8   68  200  184  7   363  15   29   4   14  .242  .323  .407  .730  
 Bobs          1595  397  79   10  30  178  123  5   338  11   34   19  11  .249  .305  .367  .673  
 Brewers       1419  390  52   4   50  195  134  7   276  17   29   13  19  .275  .340  .423  .763  
 Endorphins    1454  420  82   14  36  208  121  12  260  26   24   10  13  .289  .351  .439  .790  
 Farmers       1732  517  94   16  50  267  156  9   353  12   31   11  12  .298  .358  .458  .816  
 Firsts        1597  417  85   6   33  194  148  12  301  9    31   19  8   .261  .326  .384  .710  
 GoiterMen     1609  427  69   10  39  199  182  7   292  17   46   8   12  .265  .344  .393  .737  
 Goobers       1380  395  84   11  27  173  122  6   247  7    34   18  11  .286  .345  .422  .766  
 Huskies       1755  520  80   18  53  258  159  16  296  17   41   19  16  .296  .357  .453  .810  
 Loadies       1781  455  77   9   76  226  136  4   346  16   35   6   5   .255  .313  .437  .750  
 Magellans     1763  525  107  11  70  331  240  12  365  26   37   13  13  .298  .387  .490  .877  
 Messiahs      1435  394  65   10  53  213  145  7   317  17   29   22  25  .275  .343  .445  .787  
 Oysters       1311  324  62   6   43  164  119  5   238  9    23   20  11  .247  .312  .402  .714  
 Perfectos     1562  401  73   12  69  210  157  12  281  15   22   6   15  .257  .328  .451  .779  
 Quentins      1798  545  105  9   54  292  146  4   349  16   39   16  14  .303  .358  .462  .820  
 Reds          1704  499  122  10  61  299  221  16  343  22   34   25  16  .293  .378  .484  .862  
 Shebazzle!    1527  401  77   2   41  194  146  7   341  19   42   12  11  .263  .332  .396  .729  
 Whales        1621  462  83   11  45  239  181  9   295  12   29   9   14  .285  .358  .433  .791  

===============================================================================
Situational Stats by All Teams Batters Allowed by All Opponents Pitchers   ( Visiting Teams Only )
Pinkerton, Team - All Teams, Opponent - All Opponents, 
All Batters, All Pitchers, All Dates, All Parks
Any Position, Any Score, Any Inning, Any Outs, Any Base, Any Count
All Hitting Types, All Pitching Arms

Batter's Team  AB    H    D    T   HR  RBI  W    IW  K    HBP  GDP  SH  SF  Avg   OB%   Slg   OPS   
 Atoms         1693  471  89   9   77  270  203  13  378  8    51   9   14  .278  .356  .478  .833  
 Baha'i        1564  374  72   9   45  203  156  11  281  16   36   9   10  .239  .313  .383  .696  
 Beavis        1585  425  61   5   81  227  140  6   320  14   45   7   10  .268  .331  .466  .797  
 Bobs          1627  421  70   5   44  206  139  0   348  30   38   18  15  .259  .326  .389  .715  
 Brewers       1866  500  78   12  63  262  219  11  389  20   49   13  13  .268  .349  .424  .773  
 Endorphins    1849  554  94   14  42  278  149  7   318  25   35   13  20  .300  .356  .434  .790  
 Farmers       1638  496  79   16  61  268  135  6   313  12   26   9   17  .303  .357  .482  .839  
 Firsts        1588  391  67   4   35  188  145  1   296  5    22   17  16  .246  .308  .360  .668  
 GoiterMen     1554  386  74   7   42  189  152  5   290  9    41   15  21  .248  .315  .386  .701  
 Goobers       1862  438  82   9   38  174  142  2   366  19   31   19  13  .235  .294  .350  .644  
 Huskies       1556  446  79   13  47  225  131  10  284  5    42   9   14  .287  .341  .445  .786  
 Loadies       1479  387  68   6   54  196  129  6   332  11   33   11  10  .262  .324  .425  .749  
 Magellans     1511  387  69   12  55  215  167  11  273  15   30   12  16  .256  .333  .427  .760  
 Messiahs      1689  382  73   7   48  170  145  2   364  10   40   15  11  .226  .289  .363  .652  
 Oysters       1877  431  88   3   45  201  163  4   355  18   32   15  13  .230  .296  .352  .647  
 Perfectos     1810  505  110  7   82  300  168  12  327  17   38   6   16  .279  .343  .483  .827  
 Quentins      1518  412  75   13  44  222  151  4   297  7    41   12  12  .271  .338  .425  .763  
 Reds          1505  407  61   8   69  231  168  3   286  17   28   20  13  .270  .348  .459  .807  
 Shebazzle!    1653  380  59   8   47  170  127  4   381  20   39   17  7   .230  .292  .361  .652  
 Whales        1661  464  95   16  46  259  187  4   297  15   44   8   20  .279  .354  .439  .793  

===============================================================================

