1,4/1/1996,0,16,1,2,0
2,4/1/1996,0,6,2,2,0
3,4/1/1996,0,14,3,2,0
4,4/1/1996,0,9,5,2,0
5,4/1/1996,0,17,8,2,0
6,4/1/1996,0,4,10,2,0
7,4/1/1996,0,20,13,2,0
8,4/1/1996,0,7,15,2,0
9,4/1/1996,0,11,18,2,0
10,4/1/1996,0,12,19,2,0
11,4/2/1996,0,16,1,2,0
12,4/2/1996,0,6,2,2,0
13,4/2/1996,0,14,3,2,0
14,4/2/1996,0,9,5,2,0
15,4/2/1996,0,17,8,2,0
16,4/2/1996,0,4,10,2,0
17,4/2/1996,0,20,13,2,0
18,4/2/1996,0,7,15,2,0
19,4/2/1996,0,11,18,2,0
20,4/2/1996,0,12,19,2,0
21,4/3/1996,0,10,1,2,0
22,4/3/1996,0,5,3,2,0
23,4/3/1996,0,9,4,2,0
24,4/3/1996,0,13,7,2,0
25,4/3/1996,0,20,12,2,0
26,4/3/1996,0,11,14,2,0
27,4/3/1996,0,8,15,2,0
28,4/3/1996,0,18,16,2,0
29,4/3/1996,0,6,17,2,0
30,4/3/1996,0,2,19,2,0
31,4/4/1996,0,10,1,2,0
32,4/4/1996,0,5,3,2,0
33,4/4/1996,0,9,4,2,0
34,4/4/1996,0,13,7,2,0
35,4/4/1996,0,20,12,2,0
36,4/4/1996,0,11,14,2,0
37,4/4/1996,0,8,15,2,0
38,4/4/1996,0,18,16,2,0
39,4/4/1996,0,6,17,2,0
40,4/4/1996,0,2,19,2,0
41,4/5/1996,0,16,4,2,0
42,4/5/1996,0,12,6,2,0
43,4/5/1996,0,2,8,2,0
44,4/5/1996,0,14,9,2,0
45,4/5/1996,0,5,10,2,0
46,4/5/1996,0,3,11,2,0
47,4/5/1996,0,15,13,2,0
48,4/5/1996,0,7,17,2,0
49,4/5/1996,0,1,18,2,0
50,4/5/1996,0,19,20,2,0
51,4/6/1996,0,16,4,2,0
52,4/6/1996,0,12,6,2,0
53,4/6/1996,0,2,8,2,0
54,4/6/1996,0,14,9,2,0
55,4/6/1996,0,5,10,2,0
56,4/6/1996,0,3,11,2,0
57,4/6/1996,0,15,13,2,0
58,4/6/1996,0,7,17,2,0
59,4/6/1996,0,1,18,2,0
60,4/6/1996,0,19,20,2,0
61,4/7/1996,0,3,1,2,0
62,4/7/1996,0,8,7,2,0
63,4/7/1996,0,9,11,2,0
64,4/7/1996,0,2,12,2,0
65,4/7/1996,0,17,13,2,0
66,4/7/1996,0,5,14,2,0
67,4/7/1996,0,19,15,2,0
68,4/7/1996,0,10,16,2,0
69,4/7/1996,0,4,18,2,0
70,4/7/1996,0,6,20,2,0
71,4/8/1996,0,3,1,2,0
72,4/8/1996,0,8,7,2,0
73,4/8/1996,0,9,11,2,0
74,4/8/1996,0,2,12,2,0
75,4/8/1996,0,17,13,2,0
76,4/8/1996,0,5,14,2,0
77,4/8/1996,0,19,15,2,0
78,4/8/1996,0,10,16,2,0
79,4/8/1996,0,4,18,2,0
80,4/8/1996,0,6,20,2,0
81,4/9/1996,0,20,2,2,0
82,4/9/1996,0,1,4,2,0
83,4/9/1996,0,11,5,2,0
84,4/9/1996,0,19,6,2,0
85,4/9/1996,0,12,7,2,0
86,4/9/1996,0,13,8,2,0
87,4/9/1996,0,3,9,2,0
88,4/9/1996,0,18,10,2,0
89,4/9/1996,0,14,16,2,0
90,4/9/1996,0,15,17,2,0
91,4/10/1996,0,20,2,2,0
92,4/10/1996,0,1,4,2,0
93,4/10/1996,0,11,5,2,0
94,4/10/1996,0,19,6,2,0
95,4/10/1996,0,12,7,2,0
96,4/10/1996,0,13,8,2,0
97,4/10/1996,0,3,9,2,0
98,4/10/1996,0,18,10,2,0
99,4/10/1996,0,14,16,2,0
100,4/10/1996,0,15,17,2,0
101,4/11/1996,0,10,4,2,0
102,4/11/1996,0,2,6,2,0
103,4/11/1996,0,15,7,2,0
104,4/11/1996,0,5,9,2,0
105,4/11/1996,0,19,12,2,0
106,4/11/1996,0,20,13,2,0
107,4/11/1996,0,3,14,2,0
108,4/11/1996,0,1,16,2,0
109,4/11/1996,0,8,17,2,0
110,4/11/1996,0,11,18,2,0
111,4/12/1996,0,19,2,2,0
112,4/12/1996,0,9,4,2,0
113,4/12/1996,0,3,5,2,0
114,4/12/1996,0,15,8,2,0
115,4/12/1996,0,1,10,2,0
116,4/12/1996,0,14,11,2,0
117,4/12/1996,0,7,13,2,0
118,4/12/1996,0,6,17,2,0
119,4/12/1996,0,16,18,2,0
120,4/12/1996,0,12,20,2,0
121,4/13/1996,0,18,1,2,0
122,4/13/1996,0,11,3,2,0
123,4/13/1996,0,17,7,2,0
124,4/13/1996,0,2,8,2,0
125,4/13/1996,0,5,10,2,0
126,4/13/1996,0,6,12,2,0
127,4/13/1996,0,9,14,2,0
128,4/13/1996,0,13,15,2,0
129,4/13/1996,0,4,16,2,0
130,4/13/1996,0,20,19,2,0
131,4/14/1996,0,3,1,2,0
132,4/14/1996,0,12,2,2,0
133,4/14/1996,0,18,4,2,0
134,4/14/1996,0,14,5,2,0
135,4/14/1996,0,20,6,2,0
136,4/14/1996,0,7,8,2,0
137,4/14/1996,0,11,9,2,0
138,4/14/1996,0,16,10,2,0
139,4/14/1996,0,19,15,2,0
140,4/14/1996,0,13,17,2,0
141,4/15/1996,0,4,1,2,0
142,4/15/1996,0,9,3,2,0
143,4/15/1996,0,12,7,2,0
144,4/15/1996,0,5,11,2,0
145,4/15/1996,0,8,13,2,0
146,4/15/1996,0,17,15,2,0
147,4/15/1996,0,14,16,2,0
148,4/15/1996,0,10,18,2,0
149,4/15/1996,0,6,19,2,0
150,4/15/1996,0,2,20,2,0
151,4/16/1996,0,14,1,2,0
152,4/16/1996,0,11,4,2,0
153,4/16/1996,0,2,7,2,0
154,4/16/1996,0,6,8,2,0
155,4/16/1996,0,9,10,2,0
156,4/16/1996,0,19,13,2,0
157,4/16/1996,0,12,15,2,0
158,4/16/1996,0,5,16,2,0
159,4/16/1996,0,20,17,2,0
160,4/16/1996,0,3,18,2,0
161,4/17/1996,0,14,1,2,0
162,4/17/1996,0,11,4,2,0
163,4/17/1996,0,2,7,2,0
164,4/17/1996,0,6,8,2,0
165,4/17/1996,0,9,10,2,0
166,4/17/1996,0,19,13,2,0
167,4/17/1996,0,12,15,2,0
168,4/17/1996,0,5,16,2,0
169,4/17/1996,0,20,17,2,0
170,4/17/1996,0,3,18,2,0
171,4/18/1996,0,14,1,2,0
172,4/18/1996,0,11,4,2,0
173,4/18/1996,0,2,7,2,0
174,4/18/1996,0,6,8,2,0
175,4/18/1996,0,9,10,2,0
176,4/18/1996,0,19,13,2,0
177,4/18/1996,0,12,15,2,0
178,4/18/1996,0,5,16,2,0
179,4/18/1996,0,20,17,2,0
180,4/18/1996,0,3,18,2,0
181,4/19/1996,0,14,1,2,0
182,4/19/1996,0,11,4,2,0
183,4/19/1996,0,2,7,2,0
184,4/19/1996,0,6,8,2,0
185,4/19/1996,0,9,10,2,0
186,4/19/1996,0,19,13,2,0
187,4/19/1996,0,12,15,2,0
188,4/19/1996,0,5,16,2,0
189,4/19/1996,0,20,17,2,0
190,4/19/1996,0,3,18,2,0
191,4/20/1996,0,15,2,2,0
192,4/20/1996,0,4,3,2,0
193,4/20/1996,0,1,5,2,0
194,4/20/1996,0,7,6,2,0
195,4/20/1996,0,16,9,2,0
196,4/20/1996,0,10,11,2,0
197,4/20/1996,0,13,12,2,0
198,4/20/1996,0,18,14,2,0
199,4/20/1996,0,17,19,2,0
200,4/20/1996,0,8,20,2,0
201,4/21/1996,0,15,2,2,0
202,4/21/1996,0,4,3,2,0
203,4/21/1996,0,1,5,2,0
204,4/21/1996,0,7,6,2,0
205,4/21/1996,0,16,9,2,0
206,4/21/1996,0,10,11,2,0
207,4/21/1996,0,13,12,2,0
208,4/21/1996,0,18,14,2,0
209,4/21/1996,0,17,19,2,0
210,4/21/1996,0,8,20,2,0
211,4/22/1996,0,15,2,2,0
212,4/22/1996,0,4,3,2,0
213,4/22/1996,0,1,5,2,0
214,4/22/1996,0,7,6,2,0
215,4/22/1996,0,16,9,2,0
216,4/22/1996,0,10,11,2,0
217,4/22/1996,0,13,12,2,0
218,4/22/1996,0,18,14,2,0
219,4/22/1996,0,17,19,2,0
220,4/22/1996,0,8,20,2,0
221,4/23/1996,0,15,2,2,0
222,4/23/1996,0,4,3,2,0
223,4/23/1996,0,1,5,2,0
224,4/23/1996,0,7,6,2,0
225,4/23/1996,0,16,9,2,0
226,4/23/1996,0,10,11,2,0
227,4/23/1996,0,13,12,2,0
228,4/23/1996,0,18,14,2,0
229,4/23/1996,0,17,19,2,0
230,4/23/1996,0,8,20,2,0
231,4/24/1996,0,13,2,2,0
232,4/24/1996,0,10,3,2,0
233,4/24/1996,0,18,5,2,0
234,4/24/1996,0,15,6,2,0
235,4/24/1996,0,1,9,2,0
236,4/24/1996,0,16,11,2,0
237,4/24/1996,0,17,12,2,0
238,4/24/1996,0,4,14,2,0
239,4/24/1996,0,8,19,2,0
240,4/24/1996,0,7,20,2,0
241,4/25/1996,0,13,2,2,0
242,4/25/1996,0,10,3,2,0
243,4/25/1996,0,18,5,2,0
244,4/25/1996,0,15,6,2,0
245,4/25/1996,0,1,9,2,0
246,4/25/1996,0,16,11,2,0
247,4/25/1996,0,17,12,2,0
248,4/25/1996,0,4,14,2,0
249,4/25/1996,0,8,19,2,0
250,4/25/1996,0,7,20,2,0
251,4/26/1996,0,13,2,2,0
252,4/26/1996,0,10,3,2,0
253,4/26/1996,0,18,5,2,0
254,4/26/1996,0,15,6,2,0
255,4/26/1996,0,1,9,2,0
256,4/26/1996,0,16,11,2,0
257,4/26/1996,0,17,12,2,0
258,4/26/1996,0,4,14,2,0
259,4/26/1996,0,8,19,2,0
260,4/26/1996,0,7,20,2,0
261,4/27/1996,0,13,2,2,0
262,4/27/1996,0,10,3,2,0
263,4/27/1996,0,18,5,2,0
264,4/27/1996,0,15,6,2,0
265,4/27/1996,0,1,9,2,0
266,4/27/1996,0,16,11,2,0
267,4/27/1996,0,17,12,2,0
268,4/27/1996,0,4,14,2,0
269,4/27/1996,0,8,19,2,0
270,4/27/1996,0,7,20,2,0
271,4/28/1996,0,11,1,2,0
272,4/28/1996,0,5,4,2,0
273,4/28/1996,0,19,7,2,0
274,4/28/1996,0,12,8,2,0
275,4/28/1996,0,14,10,2,0
276,4/28/1996,0,6,13,2,0
277,4/28/1996,0,20,15,2,0
278,4/28/1996,0,3,16,2,0
279,4/28/1996,0,2,17,2,0
280,4/28/1996,0,9,18,2,0
281,4/29/1996,0,11,1,2,0
282,4/29/1996,0,5,4,2,0
283,4/29/1996,0,19,7,2,0
284,4/29/1996,0,12,8,2,0
285,4/29/1996,0,14,10,2,0
286,4/29/1996,0,6,13,2,0
287,4/29/1996,0,20,15,2,0
288,4/29/1996,0,3,16,2,0
289,4/29/1996,0,2,17,2,0
290,4/29/1996,0,9,18,2,0
291,4/30/1996,0,11,1,2,0
292,4/30/1996,0,5,4,2,0
293,4/30/1996,0,19,7,2,0
294,4/30/1996,0,12,8,2,0
295,4/30/1996,0,14,10,2,0
296,4/30/1996,0,6,13,2,0
297,4/30/1996,0,20,15,2,0
298,4/30/1996,0,3,16,2,0
299,4/30/1996,0,2,17,2,0
300,4/30/1996,0,9,18,2,0
301,5/1/1996,0,11,1,2,0
302,5/1/1996,0,5,4,2,0
303,5/1/1996,0,19,7,2,0
304,5/1/1996,0,12,8,2,0
305,5/1/1996,0,14,10,2,0
306,5/1/1996,0,6,13,2,0
307,5/1/1996,0,20,15,2,0
308,5/1/1996,0,3,16,2,0
309,5/1/1996,0,2,17,2,0
310,5/1/1996,0,9,18,2,0
311,5/2/1996,0,7,2,2,0
312,5/2/1996,0,18,3,2,0
313,5/2/1996,0,16,5,2,0
314,5/2/1996,0,8,6,2,0
315,5/2/1996,0,10,9,2,0
316,5/2/1996,0,4,11,2,0
317,5/2/1996,0,15,12,2,0
318,5/2/1996,0,1,14,2,0
319,5/2/1996,0,13,19,2,0
320,5/2/1996,0,17,20,2,0
321,5/3/1996,0,7,2,2,0
322,5/3/1996,0,18,3,2,0
323,5/3/1996,0,16,5,2,0
324,5/3/1996,0,8,6,2,0
325,5/3/1996,0,10,9,2,0
326,5/3/1996,0,4,11,2,0
327,5/3/1996,0,15,12,2,0
328,5/3/1996,0,1,14,2,0
329,5/3/1996,0,13,19,2,0
330,5/3/1996,0,17,20,2,0
331,5/4/1996,0,7,2,2,0
332,5/4/1996,0,18,3,2,0
333,5/4/1996,0,16,5,2,0
334,5/4/1996,0,8,6,2,0
335,5/4/1996,0,10,9,2,0
336,5/4/1996,0,4,11,2,0
337,5/4/1996,0,15,12,2,0
338,5/4/1996,0,1,14,2,0
339,5/4/1996,0,13,19,2,0
340,5/4/1996,0,17,20,2,0
341,5/5/1996,0,7,2,2,0
342,5/5/1996,0,18,3,2,0
343,5/5/1996,0,16,5,2,0
344,5/5/1996,0,8,6,2,0
345,5/5/1996,0,10,9,2,0
346,5/5/1996,0,4,11,2,0
347,5/5/1996,0,15,12,2,0
348,5/5/1996,0,1,14,2,0
349,5/5/1996,0,13,19,2,0
350,5/5/1996,0,17,20,2,0
351,5/6/1996,0,5,1,2,0
352,5/6/1996,0,3,4,2,0
353,5/6/1996,0,6,7,2,0
354,5/6/1996,0,20,8,2,0
355,5/6/1996,0,11,10,2,0
356,5/6/1996,0,12,13,2,0
357,5/6/1996,0,2,15,2,0
358,5/6/1996,0,9,16,2,0
359,5/6/1996,0,19,17,2,0
360,5/6/1996,0,14,18,2,0
361,5/7/1996,0,5,1,2,0
362,5/7/1996,0,3,4,2,0
363,5/7/1996,0,6,7,2,0
364,5/7/1996,0,20,8,2,0
365,5/7/1996,0,11,10,2,0
366,5/7/1996,0,12,13,2,0
367,5/7/1996,0,2,15,2,0
368,5/7/1996,0,9,16,2,0
369,5/7/1996,0,19,17,2,0
370,5/7/1996,0,14,18,2,0
371,5/8/1996,0,5,1,2,0
372,5/8/1996,0,3,4,2,0
373,5/8/1996,0,6,7,2,0
374,5/8/1996,0,20,8,2,0
375,5/8/1996,0,11,10,2,0
376,5/8/1996,0,12,13,2,0
377,5/8/1996,0,2,15,2,0
378,5/8/1996,0,9,16,2,0
379,5/8/1996,0,19,17,2,0
380,5/8/1996,0,14,18,2,0
381,5/9/1996,0,5,1,2,0
382,5/9/1996,0,3,4,2,0
383,5/9/1996,0,6,7,2,0
384,5/9/1996,0,20,8,2,0
385,5/9/1996,0,11,10,2,0
386,5/9/1996,0,12,13,2,0
387,5/9/1996,0,2,15,2,0
388,5/9/1996,0,9,16,2,0
389,5/9/1996,0,19,17,2,0
390,5/9/1996,0,14,18,2,0
391,5/10/1996,0,9,1,2,0
392,5/10/1996,0,14,4,2,0
393,5/10/1996,0,20,7,2,0
394,5/10/1996,0,19,8,2,0
395,5/10/1996,0,3,10,2,0
396,5/10/1996,0,2,13,2,0
397,5/10/1996,0,6,15,2,0
398,5/10/1996,0,11,16,2,0
399,5/10/1996,0,12,17,2,0
400,5/10/1996,0,5,18,2,0
401,5/11/1996,0,9,1,2,0
402,5/11/1996,0,14,4,2,0
403,5/11/1996,0,20,7,2,0
404,5/11/1996,0,19,8,2,0
405,5/11/1996,0,3,10,2,0
406,5/11/1996,0,2,13,2,0
407,5/11/1996,0,6,15,2,0
408,5/11/1996,0,11,16,2,0
409,5/11/1996,0,12,17,2,0
410,5/11/1996,0,5,18,2,0
411,5/12/1996,0,9,1,2,0
412,5/12/1996,0,14,4,2,0
413,5/12/1996,0,20,7,2,0
414,5/12/1996,0,19,8,2,0
415,5/12/1996,0,3,10,2,0
416,5/12/1996,0,2,13,2,0
417,5/12/1996,0,6,15,2,0
418,5/12/1996,0,11,16,2,0
419,5/12/1996,0,12,17,2,0
420,5/12/1996,0,5,18,2,0
421,5/13/1996,0,9,1,2,0
422,5/13/1996,0,14,4,2,0
423,5/13/1996,0,20,7,2,0
424,5/13/1996,0,19,8,2,0
425,5/13/1996,0,3,10,2,0
426,5/13/1996,0,2,13,2,0
427,5/13/1996,0,6,15,2,0
428,5/13/1996,0,11,16,2,0
429,5/13/1996,0,12,17,2,0
430,5/13/1996,0,5,18,2,0
431,5/14/1996,0,17,2,2,0
432,5/14/1996,0,16,3,2,0
433,5/14/1996,0,4,5,2,0
434,5/14/1996,0,13,6,2,0
435,5/14/1996,0,18,9,2,0
436,5/14/1996,0,1,11,2,0
437,5/14/1996,0,8,12,2,0
438,5/14/1996,0,10,14,2,0
439,5/14/1996,0,7,19,2,0
440,5/14/1996,0,15,20,2,0
441,5/15/1996,0,17,2,2,0
442,5/15/1996,0,16,3,2,0
443,5/15/1996,0,4,5,2,0
444,5/15/1996,0,13,6,2,0
445,5/15/1996,0,18,9,2,0
446,5/15/1996,0,1,11,2,0
447,5/15/1996,0,8,12,2,0
448,5/15/1996,0,10,14,2,0
449,5/15/1996,0,7,19,2,0
450,5/15/1996,0,15,20,2,0
451,5/16/1996,0,17,2,2,0
452,5/16/1996,0,16,3,2,0
453,5/16/1996,0,4,5,2,0
454,5/16/1996,0,13,6,2,0
455,5/16/1996,0,18,9,2,0
456,5/16/1996,0,1,11,2,0
457,5/16/1996,0,8,12,2,0
458,5/16/1996,0,10,14,2,0
459,5/16/1996,0,7,19,2,0
460,5/16/1996,0,15,20,2,0
461,5/17/1996,0,17,2,2,0
462,5/17/1996,0,16,3,2,0
463,5/17/1996,0,4,5,2,0
464,5/17/1996,0,13,6,2,0
465,5/17/1996,0,18,9,2,0
466,5/17/1996,0,1,11,2,0
467,5/17/1996,0,8,12,2,0
468,5/17/1996,0,10,14,2,0
469,5/17/1996,0,7,19,2,0
470,5/17/1996,0,15,20,2,0
471,5/18/1996,0,15,1,2,0
472,5/18/1996,0,19,3,2,0
473,5/18/1996,0,17,4,2,0
474,5/18/1996,0,2,5,2,0
475,5/18/1996,0,6,9,2,0
476,5/18/1996,0,8,10,2,0
477,5/18/1996,0,20,11,2,0
478,5/18/1996,0,12,14,2,0
479,5/18/1996,0,7,16,2,0
480,5/18/1996,0,13,18,2,0
481,5/19/1996,0,7,1,2,0
482,5/19/1996,0,12,3,2,0
483,5/19/1996,0,13,4,2,0
484,5/19/1996,0,6,5,2,0
485,5/19/1996,0,20,9,2,0
486,5/19/1996,0,17,10,2,0
487,5/19/1996,0,19,11,2,0
488,5/19/1996,0,2,14,2,0
489,5/19/1996,0,8,16,2,0
490,5/19/1996,0,15,18,2,0
491,5/20/1996,0,7,1,2,0
492,5/20/1996,0,12,3,2,0
493,5/20/1996,0,13,4,2,0
494,5/20/1996,0,6,5,2,0
495,5/20/1996,0,20,9,2,0
496,5/20/1996,0,17,10,2,0
497,5/20/1996,0,19,11,2,0
498,5/20/1996,0,2,14,2,0
499,5/20/1996,0,8,16,2,0
500,5/20/1996,0,15,18,2,0
501,5/21/1996,0,7,1,2,0
502,5/21/1996,0,12,3,2,0
503,5/21/1996,0,13,4,2,0
504,5/21/1996,0,6,5,2,0
505,5/21/1996,0,20,9,2,0
506,5/21/1996,0,17,10,2,0
507,5/21/1996,0,19,11,2,0
508,5/21/1996,0,2,14,2,0
509,5/21/1996,0,8,16,2,0
510,5/21/1996,0,15,18,2,0
511,5/22/1996,0,7,1,2,0
512,5/22/1996,0,12,3,2,0
513,5/22/1996,0,13,4,2,0
514,5/22/1996,0,6,5,2,0
515,5/22/1996,0,20,9,2,0
516,5/22/1996,0,17,10,2,0
517,5/22/1996,0,19,11,2,0
518,5/22/1996,0,2,14,2,0
519,5/22/1996,0,8,16,2,0
520,5/22/1996,0,15,18,2,0
521,5/23/1996,0,3,2,2,0
522,5/23/1996,0,14,6,2,0
523,5/23/1996,0,18,7,2,0
524,5/23/1996,0,1,8,2,0
525,5/23/1996,0,11,12,2,0
526,5/23/1996,0,10,13,2,0
527,5/23/1996,0,4,15,2,0
528,5/23/1996,0,16,17,2,0
529,5/23/1996,0,9,19,2,0
530,5/23/1996,0,5,20,2,0
531,5/24/1996,0,3,2,2,0
532,5/24/1996,0,14,6,2,0
533,5/24/1996,0,18,7,2,0
534,5/24/1996,0,1,8,2,0
535,5/24/1996,0,11,12,2,0
536,5/24/1996,0,10,13,2,0
537,5/24/1996,0,4,15,2,0
538,5/24/1996,0,16,17,2,0
539,5/24/1996,0,9,19,2,0
540,5/24/1996,0,5,20,2,0
541,5/25/1996,0,3,2,2,0
542,5/25/1996,0,14,6,2,0
543,5/25/1996,0,18,7,2,0
544,5/25/1996,0,1,8,2,0
545,5/25/1996,0,11,12,2,0
546,5/25/1996,0,10,13,2,0
547,5/25/1996,0,4,15,2,0
548,5/25/1996,0,16,17,2,0
549,5/25/1996,0,9,19,2,0
550,5/25/1996,0,5,20,2,0
551,5/26/1996,0,3,2,2,0
552,5/26/1996,0,14,6,2,0
553,5/26/1996,0,18,7,2,0
554,5/26/1996,0,1,8,2,0
555,5/26/1996,0,11,12,2,0
556,5/26/1996,0,10,13,2,0
557,5/26/1996,0,4,15,2,0
558,5/26/1996,0,16,17,2,0
559,5/26/1996,0,9,19,2,0
560,5/26/1996,0,5,20,2,0
561,5/27/1996,0,11,2,2,0
562,5/27/1996,0,3,6,2,0
563,5/27/1996,0,4,7,2,0
564,5/27/1996,0,18,8,2,0
565,5/27/1996,0,9,12,2,0
566,5/27/1996,0,16,13,2,0
567,5/27/1996,0,10,15,2,0
568,5/27/1996,0,1,17,2,0
569,5/27/1996,0,5,19,2,0
570,5/27/1996,0,14,20,2,0
571,5/28/1996,0,11,2,2,0
572,5/28/1996,0,3,6,2,0
573,5/28/1996,0,4,7,2,0
574,5/28/1996,0,18,8,2,0
575,5/28/1996,0,9,12,2,0
576,5/28/1996,0,16,13,2,0
577,5/28/1996,0,10,15,2,0
578,5/28/1996,0,1,17,2,0
579,5/28/1996,0,5,19,2,0
580,5/28/1996,0,14,20,2,0
581,5/29/1996,0,11,2,2,0
582,5/29/1996,0,3,6,2,0
583,5/29/1996,0,4,7,2,0
584,5/29/1996,0,18,8,2,0
585,5/29/1996,0,9,12,2,0
586,5/29/1996,0,16,13,2,0
587,5/29/1996,0,10,15,2,0
588,5/29/1996,0,1,17,2,0
589,5/29/1996,0,5,19,2,0
590,5/29/1996,0,14,20,2,0
591,5/30/1996,0,11,2,2,0
592,5/30/1996,0,3,6,2,0
593,5/30/1996,0,4,7,2,0
594,5/30/1996,0,18,8,2,0
595,5/30/1996,0,9,12,2,0
596,5/30/1996,0,16,13,2,0
597,5/30/1996,0,10,15,2,0
598,5/30/1996,0,1,17,2,0
599,5/30/1996,0,5,19,2,0
600,5/30/1996,0,14,20,2,0
601,5/31/1996,0,13,1,2,0
602,5/31/1996,0,20,3,2,0
603,5/31/1996,0,8,4,2,0
604,5/31/1996,0,12,5,2,0
605,5/31/1996,0,2,9,2,0
606,5/31/1996,0,7,10,2,0
607,5/31/1996,0,6,11,2,0
608,5/31/1996,0,19,14,2,0
609,5/31/1996,0,15,16,2,0
610,5/31/1996,0,17,18,2,0
611,6/1/1996,0,13,1,2,0
612,6/1/1996,0,20,3,2,0
613,6/1/1996,0,8,4,2,0
614,6/1/1996,0,12,5,2,0
615,6/1/1996,0,2,9,2,0
616,6/1/1996,0,7,10,2,0
617,6/1/1996,0,6,11,2,0
618,6/1/1996,0,19,14,2,0
619,6/1/1996,0,15,16,2,0
620,6/1/1996,0,17,18,2,0
621,6/2/1996,0,13,1,2,0
622,6/2/1996,0,20,3,2,0
623,6/2/1996,0,8,4,2,0
624,6/2/1996,0,12,5,2,0
625,6/2/1996,0,2,9,2,0
626,6/2/1996,0,7,10,2,0
627,6/2/1996,0,6,11,2,0
628,6/2/1996,0,19,14,2,0
629,6/2/1996,0,15,16,2,0
630,6/2/1996,0,17,18,2,0
631,6/3/1996,0,13,1,2,0
632,6/3/1996,0,20,3,2,0
633,6/3/1996,0,8,4,2,0
634,6/3/1996,0,12,5,2,0
635,6/3/1996,0,2,9,2,0
636,6/3/1996,0,7,10,2,0
637,6/3/1996,0,6,11,2,0
638,6/3/1996,0,19,14,2,0
639,6/3/1996,0,15,16,2,0
640,6/3/1996,0,17,18,2,0
641,6/4/1996,0,5,2,2,0
642,6/4/1996,0,9,6,2,0
643,6/4/1996,0,16,7,2,0
644,6/4/1996,0,10,8,2,0
645,6/4/1996,0,14,12,2,0
646,6/4/1996,0,18,13,2,0
647,6/4/1996,0,1,15,2,0
648,6/4/1996,0,4,17,2,0
649,6/4/1996,0,3,19,2,0
650,6/4/1996,0,11,20,2,0
651,6/5/1996,0,5,2,2,0
652,6/5/1996,0,9,6,2,0
653,6/5/1996,0,16,7,2,0
654,6/5/1996,0,10,8,2,0
655,6/5/1996,0,14,12,2,0
656,6/5/1996,0,18,13,2,0
657,6/5/1996,0,1,15,2,0
658,6/5/1996,0,4,17,2,0
659,6/5/1996,0,3,19,2,0
660,6/5/1996,0,11,20,2,0
661,6/6/1996,0,5,2,2,0
662,6/6/1996,0,9,6,2,0
663,6/6/1996,0,16,7,2,0
664,6/6/1996,0,10,8,2,0
665,6/6/1996,0,14,12,2,0
666,6/6/1996,0,18,13,2,0
667,6/6/1996,0,1,15,2,0
668,6/6/1996,0,4,17,2,0
669,6/6/1996,0,3,19,2,0
670,6/6/1996,0,11,20,2,0
671,6/7/1996,0,5,2,2,0
672,6/7/1996,0,9,6,2,0
673,6/7/1996,0,16,7,2,0
674,6/7/1996,0,10,8,2,0
675,6/7/1996,0,14,12,2,0
676,6/7/1996,0,18,13,2,0
677,6/7/1996,0,1,15,2,0
678,6/7/1996,0,4,17,2,0
679,6/7/1996,0,3,19,2,0
680,6/7/1996,0,11,20,2,0
681,6/8/1996,0,14,2,2,0
682,6/8/1996,0,5,6,2,0
683,6/8/1996,0,1,7,2,0
684,6/8/1996,0,16,8,2,0
685,6/8/1996,0,3,12,2,0
686,6/8/1996,0,4,13,2,0
687,6/8/1996,0,18,15,2,0
688,6/8/1996,0,10,17,2,0
689,6/8/1996,0,11,19,2,0
690,6/8/1996,0,9,20,2,0
691,6/9/1996,0,14,2,2,0
692,6/9/1996,0,5,6,2,0
693,6/9/1996,0,1,7,2,0
694,6/9/1996,0,16,8,2,0
695,6/9/1996,0,3,12,2,0
696,6/9/1996,0,4,13,2,0
697,6/9/1996,0,18,15,2,0
698,6/9/1996,0,10,17,2,0
699,6/9/1996,0,11,19,2,0
700,6/9/1996,0,9,20,2,0
701,6/10/1996,0,14,2,2,0
702,6/10/1996,0,5,6,2,0
703,6/10/1996,0,1,7,2,0
704,6/10/1996,0,16,8,2,0
705,6/10/1996,0,3,12,2,0
706,6/10/1996,0,4,13,2,0
707,6/10/1996,0,18,15,2,0
708,6/10/1996,0,10,17,2,0
709,6/10/1996,0,11,19,2,0
710,6/10/1996,0,9,20,2,0
711,6/11/1996,0,14,2,2,0
712,6/11/1996,0,5,6,2,0
713,6/11/1996,0,1,7,2,0
714,6/11/1996,0,16,8,2,0
715,6/11/1996,0,3,12,2,0
716,6/11/1996,0,4,13,2,0
717,6/11/1996,0,18,15,2,0
718,6/11/1996,0,10,17,2,0
719,6/11/1996,0,11,19,2,0
720,6/11/1996,0,9,20,2,0
721,6/12/1996,0,8,1,2,0
722,6/12/1996,0,2,3,2,0
723,6/12/1996,0,15,4,2,0
724,6/12/1996,0,20,5,2,0
725,6/12/1996,0,19,9,2,0
726,6/12/1996,0,13,10,2,0
727,6/12/1996,0,12,11,2,0
728,6/12/1996,0,6,14,2,0
729,6/12/1996,0,17,16,2,0
730,6/12/1996,0,7,18,2,0
731,6/13/1996,0,8,1,2,0
732,6/13/1996,0,2,3,2,0
733,6/13/1996,0,15,4,2,0
734,6/13/1996,0,20,5,2,0
735,6/13/1996,0,19,9,2,0
736,6/13/1996,0,13,10,2,0
737,6/13/1996,0,12,11,2,0
738,6/13/1996,0,6,14,2,0
739,6/13/1996,0,17,16,2,0
740,6/13/1996,0,7,18,2,0
741,6/14/1996,0,8,1,2,0
742,6/14/1996,0,2,3,2,0
743,6/14/1996,0,15,4,2,0
744,6/14/1996,0,20,5,2,0
745,6/14/1996,0,19,9,2,0
746,6/14/1996,0,13,10,2,0
747,6/14/1996,0,12,11,2,0
748,6/14/1996,0,6,14,2,0
749,6/14/1996,0,17,16,2,0
750,6/14/1996,0,7,18,2,0
751,6/15/1996,0,8,1,2,0
752,6/15/1996,0,2,3,2,0
753,6/15/1996,0,15,4,2,0
754,6/15/1996,0,20,5,2,0
755,6/15/1996,0,19,9,2,0
756,6/15/1996,0,13,10,2,0
757,6/15/1996,0,12,11,2,0
758,6/15/1996,0,6,14,2,0
759,6/15/1996,0,17,16,2,0
760,6/15/1996,0,7,18,2,0
761,6/16/1996,0,17,1,2,0
762,6/16/1996,0,6,3,2,0
763,6/16/1996,0,7,4,2,0
764,6/16/1996,0,19,5,2,0
765,6/16/1996,0,12,9,2,0
766,6/16/1996,0,15,10,2,0
767,6/16/1996,0,2,11,2,0
768,6/16/1996,0,20,14,2,0
769,6/16/1996,0,13,16,2,0
770,6/16/1996,0,8,18,2,0
771,6/17/1996,0,17,1,2,0
772,6/17/1996,0,6,3,2,0
773,6/17/1996,0,7,4,2,0
774,6/17/1996,0,19,5,2,0
775,6/17/1996,0,12,9,2,0
776,6/17/1996,0,15,10,2,0
777,6/17/1996,0,2,11,2,0
778,6/17/1996,0,20,14,2,0
779,6/17/1996,0,13,16,2,0
780,6/17/1996,0,8,18,2,0
781,6/18/1996,0,17,1,2,0
782,6/18/1996,0,6,3,2,0
783,6/18/1996,0,7,4,2,0
784,6/18/1996,0,19,5,2,0
785,6/18/1996,0,12,9,2,0
786,6/18/1996,0,15,10,2,0
787,6/18/1996,0,2,11,2,0
788,6/18/1996,0,20,14,2,0
789,6/18/1996,0,13,16,2,0
790,6/18/1996,0,8,18,2,0
791,6/19/1996,0,17,1,2,0
792,6/19/1996,0,6,3,2,0
793,6/19/1996,0,7,4,2,0
794,6/19/1996,0,19,5,2,0
795,6/19/1996,0,12,9,2,0
796,6/19/1996,0,15,10,2,0
797,6/19/1996,0,2,11,2,0
798,6/19/1996,0,20,14,2,0
799,6/19/1996,0,13,16,2,0
800,6/19/1996,0,8,18,2,0
801,6/20/1996,0,9,2,2,0
802,6/20/1996,0,11,6,2,0
803,6/20/1996,0,10,7,2,0
804,6/20/1996,0,4,8,2,0
805,6/20/1996,0,5,12,2,0
806,6/20/1996,0,1,13,2,0
807,6/20/1996,0,16,15,2,0
808,6/20/1996,0,18,17,2,0
809,6/20/1996,0,14,19,2,0
810,6/20/1996,0,3,20,2,0
811,6/21/1996,0,9,2,2,0
812,6/21/1996,0,11,6,2,0
813,6/21/1996,0,10,7,2,0
814,6/21/1996,0,4,8,2,0
815,6/21/1996,0,5,12,2,0
816,6/21/1996,0,1,13,2,0
817,6/21/1996,0,16,15,2,0
818,6/21/1996,0,18,17,2,0
819,6/21/1996,0,14,19,2,0
820,6/21/1996,0,3,20,2,0
821,6/22/1996,0,9,2,2,0
822,6/22/1996,0,11,6,2,0
823,6/22/1996,0,10,7,2,0
824,6/22/1996,0,4,8,2,0
825,6/22/1996,0,5,12,2,0
826,6/22/1996,0,1,13,2,0
827,6/22/1996,0,16,15,2,0
828,6/22/1996,0,18,17,2,0
829,6/22/1996,0,14,19,2,0
830,6/22/1996,0,3,20,2,0
831,6/23/1996,0,9,2,2,0
832,6/23/1996,0,11,6,2,0
833,6/23/1996,0,10,7,2,0
834,6/23/1996,0,4,8,2,0
835,6/23/1996,0,5,12,2,0
836,6/23/1996,0,1,13,2,0
837,6/23/1996,0,16,15,2,0
838,6/23/1996,0,18,17,2,0
839,6/23/1996,0,14,19,2,0
840,6/23/1996,0,3,20,2,0
841,6/24/1996,0,19,1,2,0
842,6/24/1996,0,15,3,2,0
843,6/24/1996,0,6,4,2,0
844,6/24/1996,0,8,5,2,0
845,6/24/1996,0,17,9,2,0
846,6/24/1996,0,2,10,2,0
847,6/24/1996,0,13,11,2,0
848,6/24/1996,0,7,14,2,0
849,6/24/1996,0,12,16,2,0
850,6/24/1996,0,20,18,2,0
851,6/25/1996,0,19,1,2,0
852,6/25/1996,0,15,3,2,0
853,6/25/1996,0,6,4,2,0
854,6/25/1996,0,8,5,2,0
855,6/25/1996,0,17,9,2,0
856,6/25/1996,0,2,10,2,0
857,6/25/1996,0,13,11,2,0
858,6/25/1996,0,7,14,2,0
859,6/25/1996,0,12,16,2,0
860,6/25/1996,0,20,18,2,0
861,6/26/1996,0,19,1,2,0
862,6/26/1996,0,15,3,2,0
863,6/26/1996,0,6,4,2,0
864,6/26/1996,0,8,5,2,0
865,6/26/1996,0,17,9,2,0
866,6/26/1996,0,2,10,2,0
867,6/26/1996,0,13,11,2,0
868,6/26/1996,0,7,14,2,0
869,6/26/1996,0,12,16,2,0
870,6/26/1996,0,20,18,2,0
871,6/27/1996,0,19,1,2,0
872,6/27/1996,0,15,3,2,0
873,6/27/1996,0,6,4,2,0
874,6/27/1996,0,8,5,2,0
875,6/27/1996,0,17,9,2,0
876,6/27/1996,0,2,10,2,0
877,6/27/1996,0,13,11,2,0
878,6/27/1996,0,7,14,2,0
879,6/27/1996,0,12,16,2,0
880,6/27/1996,0,20,18,2,0
881,7/1/1996,0,12,1,2,0
882,7/1/1996,0,7,3,2,0
883,7/1/1996,0,20,4,2,0
884,7/1/1996,0,17,5,2,0
885,7/1/1996,0,13,9,2,0
886,7/1/1996,0,6,10,2,0
887,7/1/1996,0,15,11,2,0
888,7/1/1996,0,8,14,2,0
889,7/1/1996,0,2,16,2,0
890,7/1/1996,0,19,18,2,0
891,7/2/1996,0,12,1,2,0
892,7/2/1996,0,7,3,2,0
893,7/2/1996,0,20,4,2,0
894,7/2/1996,0,17,5,2,0
895,7/2/1996,0,13,9,2,0
896,7/2/1996,0,6,10,2,0
897,7/2/1996,0,15,11,2,0
898,7/2/1996,0,8,14,2,0
899,7/2/1996,0,2,16,2,0
900,7/2/1996,0,19,18,2,0
901,7/3/1996,0,12,1,2,0
902,7/3/1996,0,7,3,2,0
903,7/3/1996,0,20,4,2,0
904,7/3/1996,0,17,5,2,0
905,7/3/1996,0,13,9,2,0
906,7/3/1996,0,6,10,2,0
907,7/3/1996,0,15,11,2,0
908,7/3/1996,0,8,14,2,0
909,7/3/1996,0,2,16,2,0
910,7/3/1996,0,19,18,2,0
911,7/4/1996,0,12,1,2,0
912,7/4/1996,0,7,3,2,0
913,7/4/1996,0,20,4,2,0
914,7/4/1996,0,17,5,2,0
915,7/4/1996,0,13,9,2,0
916,7/4/1996,0,6,10,2,0
917,7/4/1996,0,15,11,2,0
918,7/4/1996,0,8,14,2,0
919,7/4/1996,0,2,16,2,0
920,7/4/1996,0,19,18,2,0
921,7/5/1996,0,1,2,2,0
922,7/5/1996,0,16,6,2,0
923,7/5/1996,0,11,7,2,0
924,7/5/1996,0,3,8,2,0
925,7/5/1996,0,18,12,2,0
926,7/5/1996,0,5,13,2,0
927,7/5/1996,0,9,15,2,0
928,7/5/1996,0,14,17,2,0
929,7/5/1996,0,4,19,2,0
930,7/5/1996,0,10,20,2,0
931,7/6/1996,0,1,2,2,0
932,7/6/1996,0,16,6,2,0
933,7/6/1996,0,11,7,2,0
934,7/6/1996,0,3,8,2,0
935,7/6/1996,0,18,12,2,0
936,7/6/1996,0,5,13,2,0
937,7/6/1996,0,9,15,2,0
938,7/6/1996,0,14,17,2,0
939,7/6/1996,0,4,19,2,0
940,7/6/1996,0,10,20,2,0
941,7/7/1996,0,1,2,2,0
942,7/7/1996,0,16,6,2,0
943,7/7/1996,0,11,7,2,0
944,7/7/1996,0,3,8,2,0
945,7/7/1996,0,18,12,2,0
946,7/7/1996,0,5,13,2,0
947,7/7/1996,0,9,15,2,0
948,7/7/1996,0,14,17,2,0
949,7/7/1996,0,4,19,2,0
950,7/7/1996,0,10,20,2,0
951,7/8/1996,0,1,2,2,0
952,7/8/1996,0,16,6,2,0
953,7/8/1996,0,11,7,2,0
954,7/8/1996,0,3,8,2,0
955,7/8/1996,0,18,12,2,0
956,7/8/1996,0,5,13,2,0
957,7/8/1996,0,9,15,2,0
958,7/8/1996,0,14,17,2,0
959,7/8/1996,0,4,19,2,0
960,7/8/1996,0,10,20,2,0
961,7/9/1996,0,18,2,2,0
962,7/9/1996,0,1,6,2,0
963,7/9/1996,0,9,7,2,0
964,7/9/1996,0,11,8,2,0
965,7/9/1996,0,4,12,2,0
966,7/9/1996,0,14,13,2,0
967,7/9/1996,0,5,15,2,0
968,7/9/1996,0,3,17,2,0
969,7/9/1996,0,10,19,2,0
970,7/9/1996,0,16,20,2,0
971,7/10/1996,0,18,2,2,0
972,7/10/1996,0,1,6,2,0
973,7/10/1996,0,9,7,2,0
974,7/10/1996,0,11,8,2,0
975,7/10/1996,0,4,12,2,0
976,7/10/1996,0,14,13,2,0
977,7/10/1996,0,5,15,2,0
978,7/10/1996,0,3,17,2,0
979,7/10/1996,0,10,19,2,0
980,7/10/1996,0,16,20,2,0
981,7/11/1996,0,18,2,2,0
982,7/11/1996,0,1,6,2,0
983,7/11/1996,0,9,7,2,0
984,7/11/1996,0,11,8,2,0
985,7/11/1996,0,4,12,2,0
986,7/11/1996,0,14,13,2,0
987,7/11/1996,0,5,15,2,0
988,7/11/1996,0,3,17,2,0
989,7/11/1996,0,10,19,2,0
990,7/11/1996,0,16,20,2,0
991,7/12/1996,0,18,2,2,0
992,7/12/1996,0,1,6,2,0
993,7/12/1996,0,9,7,2,0
994,7/12/1996,0,11,8,2,0
995,7/12/1996,0,4,12,2,0
996,7/12/1996,0,14,13,2,0
997,7/12/1996,0,5,15,2,0
998,7/12/1996,0,3,17,2,0
999,7/12/1996,0,10,19,2,0
1000,7/12/1996,0,16,20,2,0
1001,7/13/1996,0,20,1,2,0
1002,7/13/1996,0,13,3,2,0
1003,7/13/1996,0,2,4,2,0
1004,7/13/1996,0,7,5,2,0
1005,7/13/1996,0,8,9,2,0
1006,7/13/1996,0,12,10,2,0
1007,7/13/1996,0,17,11,2,0
1008,7/13/1996,0,15,14,2,0
1009,7/13/1996,0,19,16,2,0
1010,7/13/1996,0,6,18,2,0
1011,7/14/1996,0,20,1,2,0
1012,7/14/1996,0,13,3,2,0
1013,7/14/1996,0,2,4,2,0
1014,7/14/1996,0,7,5,2,0
1015,7/14/1996,0,8,9,2,0
1016,7/14/1996,0,12,10,2,0
1017,7/14/1996,0,17,11,2,0
1018,7/14/1996,0,15,14,2,0
1019,7/14/1996,0,19,16,2,0
1020,7/14/1996,0,6,18,2,0
1021,7/15/1996,0,20,1,2,0
1022,7/15/1996,0,13,3,2,0
1023,7/15/1996,0,2,4,2,0
1024,7/15/1996,0,7,5,2,0
1025,7/15/1996,0,8,9,2,0
1026,7/15/1996,0,12,10,2,0
1027,7/15/1996,0,17,11,2,0
1028,7/15/1996,0,15,14,2,0
1029,7/15/1996,0,19,16,2,0
1030,7/15/1996,0,6,18,2,0
1031,7/16/1996,0,20,1,2,0
1032,7/16/1996,0,13,3,2,0
1033,7/16/1996,0,2,4,2,0
1034,7/16/1996,0,7,5,2,0
1035,7/16/1996,0,8,9,2,0
1036,7/16/1996,0,12,10,2,0
1037,7/16/1996,0,17,11,2,0
1038,7/16/1996,0,15,14,2,0
1039,7/16/1996,0,19,16,2,0
1040,7/16/1996,0,6,18,2,0
1041,7/17/1996,0,10,2,2,0
1042,7/17/1996,0,4,6,2,0
1043,7/17/1996,0,14,7,2,0
1044,7/17/1996,0,5,8,2,0
1045,7/17/1996,0,16,12,2,0
1046,7/17/1996,0,11,13,2,0
1047,7/17/1996,0,3,15,2,0
1048,7/17/1996,0,9,17,2,0
1049,7/17/1996,0,1,19,2,0
1050,7/17/1996,0,18,20,2,0
1051,7/18/1996,0,10,2,2,0
1052,7/18/1996,0,4,6,2,0
1053,7/18/1996,0,14,7,2,0
1054,7/18/1996,0,5,8,2,0
1055,7/18/1996,0,16,12,2,0
1056,7/18/1996,0,11,13,2,0
1057,7/18/1996,0,3,15,2,0
1058,7/18/1996,0,9,17,2,0
1059,7/18/1996,0,1,19,2,0
1060,7/18/1996,0,18,20,2,0
1061,7/19/1996,0,10,2,2,0
1062,7/19/1996,0,4,6,2,0
1063,7/19/1996,0,14,7,2,0
1064,7/19/1996,0,5,8,2,0
1065,7/19/1996,0,16,12,2,0
1066,7/19/1996,0,11,13,2,0
1067,7/19/1996,0,3,15,2,0
1068,7/19/1996,0,9,17,2,0
1069,7/19/1996,0,1,19,2,0
1070,7/19/1996,0,18,20,2,0
1071,7/20/1996,0,10,2,2,0
1072,7/20/1996,0,4,6,2,0
1073,7/20/1996,0,14,7,2,0
1074,7/20/1996,0,5,8,2,0
1075,7/20/1996,0,16,12,2,0
1076,7/20/1996,0,11,13,2,0
1077,7/20/1996,0,3,15,2,0
1078,7/20/1996,0,9,17,2,0
1079,7/20/1996,0,1,19,2,0
1080,7/20/1996,0,18,20,2,0
1081,7/21/1996,0,16,2,2,0
1082,7/21/1996,0,10,6,2,0
1083,7/21/1996,0,3,7,2,0
1084,7/21/1996,0,14,8,2,0
1085,7/21/1996,0,1,12,2,0
1086,7/21/1996,0,9,13,2,0
1087,7/21/1996,0,11,15,2,0
1088,7/21/1996,0,5,17,2,0
1089,7/21/1996,0,18,19,2,0
1090,7/21/1996,0,4,20,2,0
1091,7/22/1996,0,16,2,2,0
1092,7/22/1996,0,10,6,2,0
1093,7/22/1996,0,3,7,2,0
1094,7/22/1996,0,14,8,2,0
1095,7/22/1996,0,1,12,2,0
1096,7/22/1996,0,9,13,2,0
1097,7/22/1996,0,11,15,2,0
1098,7/22/1996,0,5,17,2,0
1099,7/22/1996,0,18,19,2,0
1100,7/22/1996,0,4,20,2,0
1101,7/23/1996,0,16,2,2,0
1102,7/23/1996,0,10,6,2,0
1103,7/23/1996,0,3,7,2,0
1104,7/23/1996,0,14,8,2,0
1105,7/23/1996,0,1,12,2,0
1106,7/23/1996,0,9,13,2,0
1107,7/23/1996,0,11,15,2,0
1108,7/23/1996,0,5,17,2,0
1109,7/23/1996,0,18,19,2,0
1110,7/23/1996,0,4,20,2,0
1111,7/24/1996,0,16,2,2,0
1112,7/24/1996,0,10,6,2,0
1113,7/24/1996,0,3,7,2,0
1114,7/24/1996,0,14,8,2,0
1115,7/24/1996,0,1,12,2,0
1116,7/24/1996,0,9,13,2,0
1117,7/24/1996,0,11,15,2,0
1118,7/24/1996,0,5,17,2,0
1119,7/24/1996,0,18,19,2,0
1120,7/24/1996,0,4,20,2,0
1121,7/25/1996,0,2,1,2,0
1122,7/25/1996,0,8,3,2,0
1123,7/25/1996,0,19,4,2,0
1124,7/25/1996,0,13,5,2,0
1125,7/25/1996,0,15,9,2,0
1126,7/25/1996,0,20,10,2,0
1127,7/25/1996,0,7,11,2,0
1128,7/25/1996,0,17,14,2,0
1129,7/25/1996,0,6,16,2,0
1130,7/25/1996,0,12,18,2,0
1131,7/26/1996,0,2,1,2,0
1132,7/26/1996,0,8,3,2,0
1133,7/26/1996,0,19,4,2,0
1134,7/26/1996,0,13,5,2,0
1135,7/26/1996,0,15,9,2,0
1136,7/26/1996,0,20,10,2,0
1137,7/26/1996,0,7,11,2,0
1138,7/26/1996,0,17,14,2,0
1139,7/26/1996,0,6,16,2,0
1140,7/26/1996,0,12,18,2,0
1141,7/27/1996,0,2,1,2,0
1142,7/27/1996,0,8,3,2,0
1143,7/27/1996,0,19,4,2,0
1144,7/27/1996,0,13,5,2,0
1145,7/27/1996,0,15,9,2,0
1146,7/27/1996,0,20,10,2,0
1147,7/27/1996,0,7,11,2,0
1148,7/27/1996,0,17,14,2,0
1149,7/27/1996,0,6,16,2,0
1150,7/27/1996,0,12,18,2,0
1151,7/28/1996,0,2,1,2,0
1152,7/28/1996,0,8,3,2,0
1153,7/28/1996,0,19,4,2,0
1154,7/28/1996,0,13,5,2,0
1155,7/28/1996,0,15,9,2,0
1156,7/28/1996,0,20,10,2,0
1157,7/28/1996,0,7,11,2,0
1158,7/28/1996,0,17,14,2,0
1159,7/28/1996,0,6,16,2,0
1160,7/28/1996,0,12,18,2,0
1161,7/29/1996,0,6,1,2,0
1162,7/29/1996,0,17,3,2,0
1163,7/29/1996,0,12,4,2,0
1164,7/29/1996,0,15,5,2,0
1165,7/29/1996,0,7,9,2,0
1166,7/29/1996,0,19,10,2,0
1167,7/29/1996,0,8,11,2,0
1168,7/29/1996,0,13,14,2,0
1169,7/29/1996,0,20,16,2,0
1170,7/29/1996,0,2,18,2,0
1171,7/30/1996,0,6,1,2,0
1172,7/30/1996,0,17,3,2,0
1173,7/30/1996,0,12,4,2,0
1174,7/30/1996,0,15,5,2,0
1175,7/30/1996,0,7,9,2,0
1176,7/30/1996,0,19,10,2,0
1177,7/30/1996,0,8,11,2,0
1178,7/30/1996,0,13,14,2,0
1179,7/30/1996,0,20,16,2,0
1180,7/30/1996,0,2,18,2,0
1181,7/31/1996,0,6,1,2,0
1182,7/31/1996,0,17,3,2,0
1183,7/31/1996,0,12,4,2,0
1184,7/31/1996,0,15,5,2,0
1185,7/31/1996,0,7,9,2,0
1186,7/31/1996,0,19,10,2,0
1187,7/31/1996,0,8,11,2,0
1188,7/31/1996,0,13,14,2,0
1189,7/31/1996,0,20,16,2,0
1190,7/31/1996,0,2,18,2,0
1191,8/1/1996,0,6,1,2,0
1192,8/1/1996,0,17,3,2,0
1193,8/1/1996,0,12,4,2,0
1194,8/1/1996,0,15,5,2,0
1195,8/1/1996,0,7,9,2,0
1196,8/1/1996,0,19,10,2,0
1197,8/1/1996,0,8,11,2,0
1198,8/1/1996,0,13,14,2,0
1199,8/1/1996,0,20,16,2,0
1200,8/1/1996,0,2,18,2,0
1201,8/2/1996,0,4,2,2,0
1202,8/2/1996,0,18,6,2,0
1203,8/2/1996,0,5,7,2,0
1204,8/2/1996,0,9,8,2,0
1205,8/2/1996,0,10,12,2,0
1206,8/2/1996,0,3,13,2,0
1207,8/2/1996,0,14,15,2,0
1208,8/2/1996,0,11,17,2,0
1209,8/2/1996,0,16,19,2,0
1210,8/2/1996,0,1,20,2,0
1211,8/3/1996,0,4,2,2,0
1212,8/3/1996,0,18,6,2,0
1213,8/3/1996,0,5,7,2,0
1214,8/3/1996,0,9,8,2,0
1215,8/3/1996,0,10,12,2,0
1216,8/3/1996,0,3,13,2,0
1217,8/3/1996,0,14,15,2,0
1218,8/3/1996,0,11,17,2,0
1219,8/3/1996,0,16,19,2,0
1220,8/3/1996,0,1,20,2,0
1221,8/4/1996,0,4,2,2,0
1222,8/4/1996,0,18,6,2,0
1223,8/4/1996,0,5,7,2,0
1224,8/4/1996,0,9,8,2,0
1225,8/4/1996,0,10,12,2,0
1226,8/4/1996,0,3,13,2,0
1227,8/4/1996,0,14,15,2,0
1228,8/4/1996,0,11,17,2,0
1229,8/4/1996,0,16,19,2,0
1230,8/4/1996,0,1,20,2,0
1231,8/5/1996,0,4,2,2,0
1232,8/5/1996,0,18,6,2,0
1233,8/5/1996,0,5,7,2,0
1234,8/5/1996,0,9,8,2,0
1235,8/5/1996,0,10,12,2,0
1236,8/5/1996,0,3,13,2,0
1237,8/5/1996,0,14,15,2,0
1238,8/5/1996,0,11,17,2,0
1239,8/5/1996,0,16,19,2,0
1240,8/5/1996,0,1,20,2,0
1241,8/6/1996,0,16,1,2,0
1242,8/6/1996,0,6,2,2,0
1243,8/6/1996,0,14,3,2,0
1244,8/6/1996,0,9,5,2,0
1245,8/6/1996,0,17,8,2,0
1246,8/6/1996,0,4,10,2,0
1247,8/6/1996,0,20,13,2,0
1248,8/6/1996,0,7,15,2,0
1249,8/6/1996,0,11,18,2,0
1250,8/6/1996,0,12,19,2,0
1251,8/7/1996,0,16,1,2,0
1252,8/7/1996,0,6,2,2,0
1253,8/7/1996,0,14,3,2,0
1254,8/7/1996,0,9,5,2,0
1255,8/7/1996,0,17,8,2,0
1256,8/7/1996,0,4,10,2,0
1257,8/7/1996,0,18,11,2,0
1258,8/7/1996,0,7,15,2,0
1259,8/7/1996,0,12,19,2,0
1260,8/7/1996,0,13,20,2,0
1261,8/8/1996,0,16,1,2,0
1262,8/8/1996,0,6,2,2,0
1263,8/8/1996,0,14,3,2,0
1264,8/8/1996,0,9,5,2,0
1265,8/8/1996,0,17,8,2,0
1266,8/8/1996,0,4,10,2,0
1267,8/8/1996,0,18,11,2,0
1268,8/8/1996,0,7,15,2,0
1269,8/8/1996,0,12,19,2,0
1270,8/8/1996,0,13,20,2,0
1271,8/9/1996,0,16,1,2,0
1272,8/9/1996,0,6,2,2,0
1273,8/9/1996,0,14,3,2,0
1274,8/9/1996,0,9,5,2,0
1275,8/9/1996,0,17,8,2,0
1276,8/9/1996,0,4,10,2,0
1277,8/9/1996,0,18,11,2,0
1278,8/9/1996,0,7,15,2,0
1279,8/9/1996,0,12,19,2,0
1280,8/9/1996,0,13,20,2,0
1281,8/10/1996,0,10,1,2,0
1282,8/10/1996,0,5,3,2,0
1283,8/10/1996,0,9,4,2,0
1284,8/10/1996,0,13,7,2,0
1285,8/10/1996,0,20,12,2,0
1286,8/10/1996,0,11,14,2,0
1287,8/10/1996,0,8,15,2,0
1288,8/10/1996,0,18,16,2,0
1289,8/10/1996,0,6,17,2,0
1290,8/10/1996,0,2,19,2,0
1291,8/11/1996,0,10,1,2,0
1292,8/11/1996,0,5,3,2,0
1293,8/11/1996,0,17,6,2,0
1294,8/11/1996,0,13,7,2,0
1295,8/11/1996,0,4,9,2,0
1296,8/11/1996,0,20,12,2,0
1297,8/11/1996,0,11,14,2,0
1298,8/11/1996,0,8,15,2,0
1299,8/11/1996,0,18,16,2,0
1300,8/11/1996,0,2,19,2,0
1301,8/12/1996,0,10,1,2,0
1302,8/12/1996,0,5,3,2,0
1303,8/12/1996,0,17,6,2,0
1304,8/12/1996,0,13,7,2,0
1305,8/12/1996,0,4,9,2,0
1306,8/12/1996,0,20,12,2,0
1307,8/12/1996,0,11,14,2,0
1308,8/12/1996,0,8,15,2,0
1309,8/12/1996,0,18,16,2,0
1310,8/12/1996,0,2,19,2,0
1311,8/13/1996,0,10,1,2,0
1312,8/13/1996,0,5,3,2,0
1313,8/13/1996,0,17,6,2,0
1314,8/13/1996,0,13,7,2,0
1315,8/13/1996,0,4,9,2,0
1316,8/13/1996,0,20,12,2,0
1317,8/13/1996,0,11,14,2,0
1318,8/13/1996,0,8,15,2,0
1319,8/13/1996,0,18,16,2,0
1320,8/13/1996,0,2,19,2,0
1321,8/14/1996,0,16,4,2,0
1322,8/14/1996,0,12,6,2,0
1323,8/14/1996,0,2,8,2,0
1324,8/14/1996,0,14,9,2,0
1325,8/14/1996,0,5,10,2,0
1326,8/14/1996,0,3,11,2,0
1327,8/14/1996,0,15,13,2,0
1328,8/14/1996,0,7,17,2,0
1329,8/14/1996,0,1,18,2,0
1330,8/14/1996,0,19,20,2,0
1331,8/15/1996,0,8,2,2,0
1332,8/15/1996,0,16,4,2,0
1333,8/15/1996,0,10,5,2,0
1334,8/15/1996,0,12,6,2,0
1335,8/15/1996,0,14,9,2,0
1336,8/15/1996,0,3,11,2,0
1337,8/15/1996,0,15,13,2,0
1338,8/15/1996,0,7,17,2,0
1339,8/15/1996,0,1,18,2,0
1340,8/15/1996,0,19,20,2,0
1341,8/16/1996,0,8,2,2,0
1342,8/16/1996,0,16,4,2,0
1343,8/16/1996,0,10,5,2,0
1344,8/16/1996,0,12,6,2,0
1345,8/16/1996,0,14,9,2,0
1346,8/16/1996,0,3,11,2,0
1347,8/16/1996,0,15,13,2,0
1348,8/16/1996,0,7,17,2,0
1349,8/16/1996,0,1,18,2,0
1350,8/16/1996,0,19,20,2,0
1351,8/17/1996,0,8,2,2,0
1352,8/17/1996,0,16,4,2,0
1353,8/17/1996,0,10,5,2,0
1354,8/17/1996,0,12,6,2,0
1355,8/17/1996,0,14,9,2,0
1356,8/17/1996,0,3,11,2,0
1357,8/17/1996,0,15,13,2,0
1358,8/17/1996,0,7,17,2,0
1359,8/17/1996,0,1,18,2,0
1360,8/17/1996,0,19,20,2,0
1361,8/18/1996,0,3,1,2,0
1362,8/18/1996,0,8,7,2,0
1363,8/18/1996,0,9,11,2,0
1364,8/18/1996,0,2,12,2,0
1365,8/18/1996,0,17,13,2,0
1366,8/18/1996,0,5,14,2,0
1367,8/18/1996,0,19,15,2,0
1368,8/18/1996,0,10,16,2,0
1369,8/18/1996,0,4,18,2,0
1370,8/18/1996,0,6,20,2,0
1371,8/19/1996,0,1,3,2,0
1372,8/19/1996,0,8,7,2,0
1373,8/19/1996,0,9,11,2,0
1374,8/19/1996,0,2,12,2,0
1375,8/19/1996,0,17,13,2,0
1376,8/19/1996,0,5,14,2,0
1377,8/19/1996,0,10,16,2,0
1378,8/19/1996,0,4,18,2,0
1379,8/19/1996,0,15,19,2,0
1380,8/19/1996,0,6,20,2,0
1381,8/20/1996,0,1,3,2,0
1382,8/20/1996,0,8,7,2,0
1383,8/20/1996,0,9,11,2,0
1384,8/20/1996,0,2,12,2,0
1385,8/20/1996,0,17,13,2,0
1386,8/20/1996,0,5,14,2,0
1387,8/20/1996,0,10,16,2,0
1388,8/20/1996,0,4,18,2,0
1389,8/20/1996,0,15,19,2,0
1390,8/20/1996,0,6,20,2,0
1391,8/21/1996,0,1,3,2,0
1392,8/21/1996,0,8,7,2,0
1393,8/21/1996,0,9,11,2,0
1394,8/21/1996,0,2,12,2,0
1395,8/21/1996,0,17,13,2,0
1396,8/21/1996,0,5,14,2,0
1397,8/21/1996,0,10,16,2,0
1398,8/21/1996,0,4,18,2,0
1399,8/21/1996,0,15,19,2,0
1400,8/21/1996,0,6,20,2,0
1401,8/22/1996,0,20,2,2,0
1402,8/22/1996,0,1,4,2,0
1403,8/22/1996,0,11,5,2,0
1404,8/22/1996,0,19,6,2,0
1405,8/22/1996,0,12,7,2,0
1406,8/22/1996,0,13,8,2,0
1407,8/22/1996,0,3,9,2,0
1408,8/22/1996,0,18,10,2,0
1409,8/22/1996,0,14,16,2,0
1410,8/22/1996,0,15,17,2,0
1411,8/23/1996,0,20,2,2,0
1412,8/23/1996,0,1,4,2,0
1413,8/23/1996,0,11,5,2,0
1414,8/23/1996,0,19,6,2,0
1415,8/23/1996,0,13,8,2,0
1416,8/23/1996,0,3,9,2,0
1417,8/23/1996,0,18,10,2,0
1418,8/23/1996,0,7,12,2,0
1419,8/23/1996,0,16,14,2,0
1420,8/23/1996,0,15,17,2,0
1421,8/24/1996,0,20,2,2,0
1422,8/24/1996,0,1,4,2,0
1423,8/24/1996,0,11,5,2,0
1424,8/24/1996,0,19,6,2,0
1425,8/24/1996,0,13,8,2,0
1426,8/24/1996,0,3,9,2,0
1427,8/24/1996,0,18,10,2,0
1428,8/24/1996,0,7,12,2,0
1429,8/24/1996,0,16,14,2,0
1430,8/24/1996,0,15,17,2,0
1431,8/25/1996,0,20,2,2,0
1432,8/25/1996,0,1,4,2,0
1433,8/25/1996,0,11,5,2,0
1434,8/25/1996,0,19,6,2,0
1435,8/25/1996,0,13,8,2,0
1436,8/25/1996,0,3,9,2,0
1437,8/25/1996,0,18,10,2,0
1438,8/25/1996,0,7,12,2,0
1439,8/25/1996,0,16,14,2,0
1440,8/25/1996,0,15,17,2,0
1441,8/26/1996,0,10,4,2,0
1442,8/26/1996,0,2,6,2,0
1443,8/26/1996,0,15,7,2,0
1444,8/26/1996,0,5,9,2,0
1445,8/26/1996,0,18,11,2,0
1446,8/26/1996,0,19,12,2,0
1447,8/26/1996,0,3,14,2,0
1448,8/26/1996,0,1,16,2,0
1449,8/26/1996,0,8,17,2,0
1450,8/26/1996,0,13,20,2,0
1451,8/27/1996,0,10,4,2,0
1452,8/27/1996,0,2,6,2,0
1453,8/27/1996,0,15,7,2,0
1454,8/27/1996,0,5,9,2,0
1455,8/27/1996,0,20,11,2,0
1456,8/27/1996,0,19,12,2,0
1457,8/27/1996,0,3,14,2,0
1458,8/27/1996,0,1,16,2,0
1459,8/27/1996,0,8,17,2,0
1460,8/27/1996,0,13,18,2,0
1461,8/28/1996,0,10,4,2,0
1462,8/28/1996,0,2,6,2,0
1463,8/28/1996,0,15,7,2,0
1464,8/28/1996,0,5,9,2,0
1465,8/28/1996,0,20,11,2,0
1466,8/28/1996,0,19,12,2,0
1467,8/28/1996,0,3,14,2,0
1468,8/28/1996,0,1,16,2,0
1469,8/28/1996,0,8,17,2,0
1470,8/28/1996,0,13,18,2,0
1471,8/29/1996,0,10,4,2,0
1472,8/29/1996,0,2,6,2,0
1473,8/29/1996,0,15,7,2,0
1474,8/29/1996,0,5,9,2,0
1475,8/29/1996,0,20,11,2,0
1476,8/29/1996,0,19,12,2,0
1477,8/29/1996,0,3,14,2,0
1478,8/29/1996,0,1,16,2,0
1479,8/29/1996,0,8,17,2,0
1480,8/29/1996,0,13,18,2,0
1481,8/30/1996,0,19,2,2,0
1482,8/30/1996,0,3,5,2,0
1483,8/30/1996,0,17,6,2,0
1484,8/30/1996,0,15,8,2,0
1485,8/30/1996,0,4,9,2,0
1486,8/30/1996,0,1,10,2,0
1487,8/30/1996,0,14,11,2,0
1488,8/30/1996,0,7,13,2,0
1489,8/30/1996,0,16,18,2,0
1490,8/30/1996,0,12,20,2,0
1491,8/31/1996,0,19,2,2,0
1492,8/31/1996,0,17,4,2,0
1493,8/31/1996,0,3,5,2,0
1494,8/31/1996,0,15,8,2,0
1495,8/31/1996,0,6,9,2,0
1496,8/31/1996,0,1,10,2,0
1497,8/31/1996,0,14,11,2,0
1498,8/31/1996,0,7,13,2,0
1499,8/31/1996,0,16,18,2,0
1500,8/31/1996,0,12,20,2,0
1501,9/1/1996,0,19,2,2,0
1502,9/1/1996,0,17,4,2,0
1503,9/1/1996,0,3,5,2,0
1504,9/1/1996,0,15,8,2,0
1505,9/1/1996,0,6,9,2,0
1506,9/1/1996,0,1,10,2,0
1507,9/1/1996,0,14,11,2,0
1508,9/1/1996,0,7,13,2,0
1509,9/1/1996,0,16,18,2,0
1510,9/1/1996,0,12,20,2,0
1511,9/2/1996,0,19,2,2,0
1512,9/2/1996,0,17,4,2,0
1513,9/2/1996,0,3,5,2,0
1514,9/2/1996,0,15,8,2,0
1515,9/2/1996,0,6,9,2,0
1516,9/2/1996,0,1,10,2,0
1517,9/2/1996,0,14,11,2,0
1518,9/2/1996,0,7,13,2,0
1519,9/2/1996,0,16,18,2,0
1520,9/2/1996,0,12,20,2,0
1521,9/3/1996,0,18,1,2,0
1522,9/3/1996,0,8,2,2,0
1523,9/3/1996,0,11,3,2,0
1524,9/3/1996,0,10,5,2,0
1525,9/3/1996,0,17,7,2,0
1526,9/3/1996,0,6,12,2,0
1527,9/3/1996,0,9,14,2,0
1528,9/3/1996,0,13,15,2,0
1529,9/3/1996,0,4,16,2,0
1530,9/3/1996,0,20,19,2,0
1531,9/4/1996,0,18,1,2,0
1532,9/4/1996,0,11,3,2,0
1533,9/4/1996,0,2,5,2,0
1534,9/4/1996,0,17,7,2,0
1535,9/4/1996,0,8,10,2,0
1536,9/4/1996,0,6,12,2,0
1537,9/4/1996,0,9,14,2,0
1538,9/4/1996,0,13,15,2,0
1539,9/4/1996,0,4,16,2,0
1540,9/4/1996,0,20,19,2,0
1541,9/5/1996,0,18,1,2,0
1542,9/5/1996,0,11,3,2,0
1543,9/5/1996,0,2,5,2,0
1544,9/5/1996,0,17,7,2,0
1545,9/5/1996,0,8,10,2,0
1546,9/5/1996,0,6,12,2,0
1547,9/5/1996,0,9,14,2,0
1548,9/5/1996,0,13,15,2,0
1549,9/5/1996,0,4,16,2,0
1550,9/5/1996,0,20,19,2,0
1551,9/6/1996,0,18,1,2,0
1552,9/6/1996,0,11,3,2,0
1553,9/6/1996,0,2,5,2,0
1554,9/6/1996,0,17,7,2,0
1555,9/6/1996,0,8,10,2,0
1556,9/6/1996,0,6,12,2,0
1557,9/6/1996,0,9,14,2,0
1558,9/6/1996,0,13,15,2,0
1559,9/6/1996,0,4,16,2,0
1560,9/6/1996,0,20,19,2,0
1561,9/7/1996,0,12,2,2,0
1562,9/7/1996,0,1,3,2,0
1563,9/7/1996,0,18,4,2,0
1564,9/7/1996,0,14,5,2,0
1565,9/7/1996,0,20,6,2,0
1566,9/7/1996,0,7,8,2,0
1567,9/7/1996,0,11,9,2,0
1568,9/7/1996,0,16,10,2,0
1569,9/7/1996,0,13,17,2,0
1570,9/7/1996,0,15,19,2,0
1571,9/8/1996,0,15,1,2,0
1572,9/8/1996,0,12,2,2,0
1573,9/8/1996,0,19,3,2,0
1574,9/8/1996,0,18,4,2,0
1575,9/8/1996,0,14,5,2,0
1576,9/8/1996,0,20,6,2,0
1577,9/8/1996,0,7,8,2,0
1578,9/8/1996,0,11,9,2,0
1579,9/8/1996,0,16,10,2,0
1580,9/8/1996,0,13,17,2,0
1581,9/9/1996,0,15,1,2,0
1582,9/9/1996,0,12,2,2,0
1583,9/9/1996,0,19,3,2,0
1584,9/9/1996,0,18,4,2,0
1585,9/9/1996,0,14,5,2,0
1586,9/9/1996,0,20,6,2,0
1587,9/9/1996,0,7,8,2,0
1588,9/9/1996,0,11,9,2,0
1589,9/9/1996,0,16,10,2,0
1590,9/9/1996,0,13,17,2,0
1591,9/10/1996,0,15,1,2,0
1592,9/10/1996,0,12,2,2,0
1593,9/10/1996,0,19,3,2,0
1594,9/10/1996,0,18,4,2,0
1595,9/10/1996,0,14,5,2,0
1596,9/10/1996,0,20,6,2,0
1597,9/10/1996,0,7,8,2,0
1598,9/10/1996,0,11,9,2,0
1599,9/10/1996,0,16,10,2,0
1600,9/10/1996,0,13,17,2,0
1601,9/11/1996,0,4,1,2,0
1602,9/11/1996,0,9,3,2,0
1603,9/11/1996,0,5,11,2,0
1604,9/11/1996,0,7,12,2,0
1605,9/11/1996,0,8,13,2,0
1606,9/11/1996,0,16,14,2,0
1607,9/11/1996,0,17,15,2,0
1608,9/11/1996,0,10,18,2,0
1609,9/11/1996,0,6,19,2,0
1610,9/11/1996,0,2,20,2,0
1611,9/12/1996,0,4,1,2,0
1612,9/12/1996,0,9,3,2,0
1613,9/12/1996,0,5,11,2,0
1614,9/12/1996,0,8,13,2,0
1615,9/12/1996,0,12,14,2,0
1616,9/12/1996,0,17,15,2,0
1617,9/12/1996,0,7,16,2,0
1618,9/12/1996,0,10,18,2,0
1619,9/12/1996,0,6,19,2,0
1620,9/12/1996,0,2,20,2,0
1621,9/13/1996,0,4,1,2,0
1622,9/13/1996,0,9,3,2,0
1623,9/13/1996,0,5,11,2,0
1624,9/13/1996,0,8,13,2,0
1625,9/13/1996,0,12,14,2,0
1626,9/13/1996,0,17,15,2,0
1627,9/13/1996,0,7,16,2,0
1628,9/13/1996,0,10,18,2,0
1629,9/13/1996,0,6,19,2,0
1630,9/13/1996,0,2,20,2,0
1631,9/14/1996,0,4,1,2,0
1632,9/14/1996,0,9,3,2,0
1633,9/14/1996,0,5,11,2,0
1634,9/14/1996,0,8,13,2,0
1635,9/14/1996,0,12,14,2,0
1636,9/14/1996,0,17,15,2,0
1637,9/14/1996,0,7,16,2,0
1638,9/14/1996,0,10,18,2,0
1639,9/14/1996,0,6,19,2,0
1640,9/14/1996,0,2,20,2,0
