                            DMB team pitching -- 1993 Needmore Perfectos                            
                              League championship -- as of 10/27/1993                               

S Name               P     ERA   W   L   S   G  GS  CG SHO     INN    H    R   ER   BB    K  HR GDP    BF 
  Bedrosian          mr   0.00   0   0   0   3   0   0   0     4.1    1    0    0    1    1   0   0    15 
  McDonald           sp   1.29   1   0   0   1   1   0   0     7.0    3    1    1    3    4   0   0    27 
  Darwin             sp   2.40   1   0   0   2   2   0   0    15.0   17    5    4    1    7   2   1    62 
  Olson              cl   2.45   1   0   0   3   0   0   0     3.2    5    1    1    0    3   0   0    16 
f Boucher*           sp   2.57   1   0   0   1   1   0   0     7.0    9    2    2    2    4   0   1    31 
f Johnston           mr   3.86   0   0   1   3   0   0   0     2.1    1    1    1    0    2   1   0     8 
  Russell            cl   5.79   0   0   0   3   0   0   0     4.2    6    3    3    1    4   2   0    21 
  Belinda            cl   7.71   0   0   0   1   0   0   0     2.1    4    2    2    2    2   0   1    12 
  Finley*            sp  54.00   0   0   0   1   0   0   0     0.2    2    4    4    2    0   0   1     5 
  Key*               sp  99.00   0   1   0   1   1   0   0     0.0    6    5    5    0    0   1   0     6 
  Total                   4.40   4   1   1   5   5   0   0    47.0   54   24   23   12   27   6   4   203 



S Name               P   SB  CS  IW HBP  WP  BK  SH  SF CI   H/9  BB/9   R/9   K/9  HR/9 K/BB  PCH/G  STR% 
  Bedrosian          mr   0   0   0   0   0   0   0   0  0   2.1   2.1   4.2   2.1   0.0  1.0   19.7  .644 
  McDonald           sp   0   0   0   0   1   0   0   0  0   3.9   3.9   7.7   5.1   0.0  1.3  110.0  .591 
  Darwin             sp   0   0   0   0   0   0   1   0  0  10.2   0.6  10.8   4.2   1.2  7.0  104.0  .707 
  Olson              cl   0   0   0   0   1   0   0   0  0  12.3   0.0  12.3   7.4   0.0 99.0   17.7  .717 
f Boucher*           sp   0   0   0   0   0   0   0   0  0  11.6   2.6  14.1   5.1   0.0  2.0  100.0  .630 
f Johnston           mr   0   0   0   0   0   0   0   0  0   3.9   0.0   3.9   7.7   3.9 99.0   10.0  .767 
  Russell            cl   0   0   1   0   0   0   1   0  0  11.6   1.9  13.5   7.7   3.9  4.0   24.7  .635 
  Belinda            cl   0   0   1   0   0   0   0   0  0  15.4   7.7  23.1   7.7   0.0  1.0   52.0  .577 
  Finley*            sp   0   0   0   0   0   0   0   0  0  27.0  27.0  54.0   0.0   0.0  0.0   23.0  .565 
  Key*               sp   1   0   0   0   0   0   0   0  0  99.0   0.0  99.0   0.0  99.0  0.0   24.0  .625 
  Total                   1   0   2   0   2   0   2   0  0  10.3   2.3  12.6   5.2   1.1  2.3         .653 



S Name               P    OPS  WHIP  BIP IPAVG  TBW TBW/BF TBWH TBWH/BF    RC RC27  RCERA   CERA 
  Bedrosian          mr  .276  0.46   13  .077    3   .200    3    .200   0.3  0.6   0.56   0.35 
  McDonald           sp  .389  0.86   20  .150    7   .259    7    .259   1.1  1.4   1.23   1.08 
  Darwin             sp  .778  1.20   52  .288   30   .484   30    .484   8.2  4.9   4.41   3.70 
  Olson              cl  .750  1.36   13  .385    7   .438    7    .438   2.2  5.4   4.83   3.72 
f Boucher*           sp  .665  1.57   25  .360   11   .355   11    .355   3.1  3.9   3.55   4.54 
f Johnston           mr  .625  0.43    5  .000    4   .500    4    .500   0.5  1.9   1.74   1.29 
  Russell            cl 1.034  1.50   14  .286   14   .667   14    .667   4.5  8.7   7.82   6.89 
  Belinda            cl 1.000  2.57    8  .500    7   .583    7    .583   2.2  8.5   7.61   9.14 
  Finley*            sp 1.467  6.00    3  .667    4   .800    4    .800   1.5 20.4  18.37  35.66 
  Key*               sp 2.500  0.00    5 1.000    9  1.500    9   1.500   9.5  0.0  99.00   0.00 
  Total                  .773  1.40  158  .304   96   .473   96    .473  26.9  5.2   4.64   4.46 



S Name               P   GS  CG   CG% SHO  QS   QS%    RS  RS/G   RL  RLS   RL% 
  Bedrosian          mr   0   0  .000   0   0  .000     0   0.0    1    0  .000 
  McDonald           sp   1   0  .000   0   1 1.000    14  14.0    0    0  .000 
  Darwin             sp   2   0  .000   0   2 1.000    12   6.0    0    0  .000 
  Olson              cl   0   0  .000   0   0  .000     0   0.0    0    0  .000 
f Boucher*           sp   1   0  .000   0   1 1.000     8   8.0    0    0  .000 
f Johnston           mr   0   0  .000   0   0  .000     0   0.0    0    0  .000 
  Russell            cl   0   0  .000   0   0  .000     0   0.0    0    0  .000 
  Belinda            cl   0   0  .000   0   0  .000     0   0.0    0    0  .000 
  Finley*            sp   0   0  .000   0   0  .000     0   0.0    3    3 1.000 
  Key*               sp   1   0  .000   0   0  .000    10  10.0    2    1  .500 
  Total                   5   0  .000   0   4  .800    44   8.8    6    4  .667 



S Name               P  SVO   S   SV%  BS   BS% HLD  IR IRS   IR%   G  GR  GF 
  Bedrosian          mr   0   0  .000   0  .000   1   0   0  .000   3   3   1 
  McDonald           sp   0   0  .000   0  .000   0   0   0  .000   1   0   0 
  Darwin             sp   0   0  .000   0  .000   0   0   0  .000   2   0   0 
  Olson              cl   0   0  .000   0  .000   0   1   0  .000   3   3   1 
f Boucher*           sp   0   0  .000   0  .000   0   0   0  .000   1   0   0 
f Johnston           mr   1   1 1.000   0  .000   0   0   0  .000   3   3   2 
  Russell            cl   1   0  .000   1 1.000   0   0   0  .000   3   3   1 
  Belinda            cl   0   0  .000   0  .000   0   3   3 1.000   1   1   0 
  Finley*            sp   0   0  .000   0  .000   0   2   1  .500   1   1   0 
  Key*               sp   0   0  .000   0  .000   0   0   0  .000   1   0   0 
  Total                   2   1  .500   1  .500   1   6   4  .667   5  14   5 


                            DMB team pitching -- 1993 Chinatrust Whales                             
                              League championship -- as of 10/27/1993                               

S Name               P     ERA   W   L   S   G  GS  CG SHO     INN    H    R   ER   BB    K  HR GDP    BF 
  Johnson*           sp   2.77   0   0   0   2   2   0   0    13.0    7    4    4    8   17   1   2    56 
f Martinez*          mr   3.86   0   1   0   3   0   0   0     4.2    3    3    2    0    3   1   0    18 
  DiPoto             cl   3.86   1   0   0   2   0   0   0     2.1    3    1    1    5    1   1   0    15 
  Bautista           mr   5.40   0   0   0   2   0   0   0     3.1    6    2    2    1    5   0   0    16 
  Gott               cl   9.82   0   0   1   2   0   0   0     3.2    6    5    4    0    2   1   0    19 
  Pavlik             sp  10.80   0   1   0   2   2   0   0    10.0   13   12   12   10   13   1   0    52 
  Poole*             mr  15.00   0   0   0   4   0   0   0     3.0    4    5    5    3    2   1   0    16 
  Ward,D             cl  18.00   0   1   0   2   0   0   0     3.0    5    6    6    4    5   1   1    16 
  Eldred             sp  27.00   0   1   0   1   1   0   0     2.0    6    6    6    0    5   0   0    13 
  Total                   8.40   1   4   1   5   5   0   0    45.0   53   44   42   31   53   7   3   221 



S Name               P   SB  CS  IW HBP  WP  BK  SH  SF CI   H/9  BB/9   R/9   K/9  HR/9 K/BB  PCH/G  STR% 
  Johnson*           sp   0   0   0   3   1   0   0   0  0   4.8   5.5  12.5  11.8   0.7  2.1  114.0  .627 
f Martinez*          mr   0   0   0   1   0   0   0   1  0   5.8   0.0   7.7   5.8   1.9 99.0   18.0  .648 
  DiPoto             cl   0   0   0   0   0   0   0   0  0  11.6  19.3  30.9   3.9   3.9  0.2   29.5  .508 
  Bautista           mr   0   0   0   0   0   0   0   0  0  16.2   2.7  18.9  13.5   0.0  5.0   32.0  .625 
  Gott               cl   0   0   0   0   0   0   0   0  0  14.7   0.0  14.7   4.9   2.5 99.0   37.5  .693 
  Pavlik             sp   0   1   0   2   0   0   0   0  0  11.7   9.0  22.5  11.7   0.9  1.3  103.0  .524 
  Poole*             mr   0   0   0   0   0   0   0   0  0  12.0   9.0  21.0   6.0   3.0  0.7   15.3  .574 
  Ward,D             cl   0   0   0   0   2   0   0   0  0  15.0  12.0  27.0  15.0   3.0  1.3   40.5  .580 
  Eldred             sp   0   0   0   1   0   0   0   0  0  27.0   0.0  31.5  22.5   0.0 99.0   60.0  .583 
  Total                   0   1   0   7   3   0   0   1  0  10.6   6.2  18.2  10.6   1.4  1.7         .591 



S Name               P    OPS  WHIP  BIP IPAVG  TBW TBW/BF TBWH TBWH/BF    RC RC27  RCERA   CERA 
  Johnson*           sp  .610  1.15   27  .222   21   .375   24    .429   4.5  3.1   2.82   3.09 
f Martinez*          mr  .597  0.64   13  .154    6   .333    7    .389   1.5  2.9   2.62   2.16 
  DiPoto             cl 1.133  3.43    8  .250   11   .733   11    .733   3.9 15.0  13.52  17.12 
  Bautista           mr  .904  2.10   10  .600    8   .500    8    .500   3.2  9.5   7.72   8.02 
  Gott               cl  .895  1.64   16  .313   11   .579   11    .579   3.5  7.2   7.67   6.53 
  Pavlik             sp  .981  2.30   26  .462   30   .577   32    .615  10.7 10.3   8.64   9.69 
  Poole*             mr  .976  2.33   10  .300   10   .625   10    .625   3.4 10.2   9.19  10.72 
  Ward,D             cl 1.313  3.00    6  .667   13   .813   13    .813   5.0 16.9  13.55  16.77 
  Eldred             sp 1.372  3.00    7  .857   10   .769   11    .846   5.5 24.9  22.37  17.04 
  Total                  .901  1.87  123  .374  120   .543  127    .575  39.1  7.9   7.04   7.48 



S Name               P   GS  CG   CG% SHO  QS   QS%    RS  RS/G   RL  RLS   RL% 
  Johnson*           sp   2   0  .000   0   2 1.000     5   2.5    0    0  .000 
f Martinez*          mr   0   0  .000   0   0  .000     0   0.0    0    0  .000 
  DiPoto             cl   0   0  .000   0   0  .000     0   0.0    1    0  .000 
  Bautista           mr   0   0  .000   0   0  .000     0   0.0    1    1 1.000 
  Gott               cl   0   0  .000   0   0  .000     0   0.0    0    0  .000 
  Pavlik             sp   2   0  .000   0   0  .000    15   7.5    4    1  .250 
  Poole*             mr   0   0  .000   0   0  .000     0   0.0    4    4 1.000 
  Ward,D             cl   0   0  .000   0   0  .000     0   0.0    3    2  .667 
  Eldred             sp   1   0  .000   0   0  .000     4   4.0    1    1 1.000 
  Total                   5   0  .000   0   2  .400    24   4.8   14    9  .643 



S Name               P  SVO   S   SV%  BS   BS% HLD  IR IRS   IR%   G  GR  GF 
  Johnson*           sp   0   0  .000   0  .000   0   0   0  .000   2   0   0 
f Martinez*          mr   0   0  .000   0  .000   0   2   1  .500   3   3   2 
  DiPoto             cl   1   0  .000   0  .000   0   4   4 1.000   2   2   0 
  Bautista           mr   0   0  .000   0  .000   1   1   1 1.000   2   2   0 
  Gott               cl   1   1 1.000   0  .000   0   1   1 1.000   2   2   2 
  Pavlik             sp   0   0  .000   0  .000   0   0   0  .000   2   0   0 
  Poole*             mr   0   0  .000   0  .000   0   6   2  .333   4   4   1 
  Ward,D             cl   0   0  .000   0  .000   0   0   0  .000   2   2   0 
  Eldred             sp   0   0  .000   0  .000   0   0   0  .000   1   0   0 
  Total                   2   1  .500   0  .000   1  14   9  .643   5  15   5 