1,4/2/1990,0,17,15,2,0
2,4/2/1990,0,4,8,2,0
3,4/2/1990,0,5,14,2,0
4,4/3/1990,0,11,7,2,0
5,4/3/1990,0,12,6,2,0
6,4/3/1990,0,16,10,2,0
7,4/3/1990,0,17,15,2,0
8,4/3/1990,0,2,13,2,0
9,4/3/1990,0,3,18,2,0
10,4/3/1990,0,4,8,2,0
11,4/3/1990,0,5,14,2,0
12,4/3/1990,0,9,1,2,0
13,4/4/1990,0,11,7,2,0
14,4/4/1990,0,12,6,2,0
15,4/4/1990,0,16,10,2,0
16,4/4/1990,0,17,15,2,0
17,4/4/1990,0,2,13,2,0
18,4/4/1990,0,3,18,2,0
19,4/4/1990,0,4,8,2,0
20,4/4/1990,0,5,14,2,0
21,4/4/1990,0,9,1,2,0
22,4/5/1990,0,11,7,2,0
23,4/5/1990,0,12,6,2,0
24,4/5/1990,0,16,10,2,0
25,4/5/1990,0,17,15,2,0
26,4/5/1990,0,2,13,2,0
27,4/5/1990,0,3,18,2,0
28,4/5/1990,0,4,8,2,0
29,4/5/1990,0,9,1,2,0
30,4/6/1990,0,10,3,2,0
31,4/6/1990,0,12,11,2,0
32,4/6/1990,0,14,2,2,0
33,4/6/1990,0,15,13,2,0
34,4/6/1990,0,16,1,2,0
35,4/6/1990,0,4,6,2,0
36,4/6/1990,0,7,17,2,0
37,4/6/1990,0,8,18,2,0
38,4/6/1990,0,9,5,2,0
39,4/7/1990,0,10,3,2,0
40,4/7/1990,0,12,11,2,0
41,4/7/1990,0,14,2,2,0
42,4/7/1990,0,15,13,2,0
43,4/7/1990,0,16,1,2,0
44,4/7/1990,0,4,6,2,0
45,4/7/1990,0,7,17,2,0
46,4/7/1990,0,8,18,2,0
47,4/7/1990,0,9,5,2,0
48,4/8/1990,0,10,3,2,0
49,4/8/1990,0,12,11,2,0
50,4/8/1990,0,14,2,2,0
51,4/8/1990,0,15,13,2,0
52,4/8/1990,0,16,1,2,0
53,4/8/1990,0,4,6,2,0
54,4/8/1990,0,7,17,2,0
55,4/8/1990,0,8,18,2,0
56,4/8/1990,0,9,5,2,0
57,4/9/1990,0,11,10,2,0
58,4/9/1990,0,13,12,2,0
59,4/9/1990,0,15,5,2,0
60,4/9/1990,0,17,9,2,0
61,4/9/1990,0,3,16,2,0
62,4/9/1990,0,6,18,2,0
63,4/10/1990,0,1,8,2,0
64,4/10/1990,0,11,10,2,0
65,4/10/1990,0,13,12,2,0
66,4/10/1990,0,14,7,2,0
67,4/10/1990,0,15,5,2,0
68,4/10/1990,0,17,9,2,0
69,4/10/1990,0,2,4,2,0
70,4/10/1990,0,3,16,2,0
71,4/10/1990,0,6,18,2,0
72,4/11/1990,0,1,8,2,0
73,4/11/1990,0,11,10,2,0
74,4/11/1990,0,13,12,2,0
75,4/11/1990,0,14,7,2,0
76,4/11/1990,0,15,5,2,0
77,4/11/1990,0,17,9,2,0
78,4/11/1990,0,2,4,2,0
79,4/11/1990,0,3,16,2,0
80,4/11/1990,0,6,18,2,0
81,4/12/1990,0,1,8,2,0
82,4/12/1990,0,11,10,2,0
83,4/12/1990,0,14,7,2,0
84,4/12/1990,0,15,5,2,0
85,4/12/1990,0,17,9,2,0
86,4/12/1990,0,2,4,2,0
87,4/12/1990,0,6,12,2,0
88,4/13/1990,0,10,4,2,0
89,4/13/1990,0,11,2,2,0
90,4/13/1990,0,13,7,2,0
91,4/13/1990,0,14,15,2,0
92,4/13/1990,0,16,9,2,0
93,4/13/1990,0,18,1,2,0
94,4/13/1990,0,5,3,2,0
95,4/13/1990,0,6,12,2,0
96,4/13/1990,0,8,17,2,0
97,4/14/1990,0,10,4,2,0
98,4/14/1990,0,11,2,2,0
99,4/14/1990,0,13,7,2,0
100,4/14/1990,0,14,15,2,0
101,4/14/1990,0,16,9,2,0
102,4/14/1990,0,18,1,2,0
103,4/14/1990,0,5,3,2,0
104,4/14/1990,0,6,12,2,0
105,4/14/1990,0,8,17,2,0
106,4/15/1990,0,10,4,2,0
107,4/15/1990,0,11,2,2,0
108,4/15/1990,0,13,7,2,0
109,4/15/1990,0,14,15,2,0
110,4/15/1990,0,16,9,2,0
111,4/15/1990,0,18,1,2,0
112,4/15/1990,0,5,3,2,0
113,4/15/1990,0,6,12,2,0
114,4/15/1990,0,8,17,2,0
115,4/16/1990,0,1,6,2,0
116,4/16/1990,0,10,13,2,0
117,4/16/1990,0,12,4,2,0
118,4/16/1990,0,15,8,2,0
119,4/16/1990,0,2,17,2,0
120,4/16/1990,0,3,7,2,0
121,4/16/1990,0,5,16,2,0
122,4/17/1990,0,1,6,2,0
123,4/17/1990,0,10,13,2,0
124,4/17/1990,0,12,4,2,0
125,4/17/1990,0,15,8,2,0
126,4/17/1990,0,18,11,2,0
127,4/17/1990,0,2,17,2,0
128,4/17/1990,0,3,7,2,0
129,4/17/1990,0,5,16,2,0
130,4/17/1990,0,9,14,2,0
131,4/18/1990,0,1,6,2,0
132,4/18/1990,0,10,13,2,0
133,4/18/1990,0,12,4,2,0
134,4/18/1990,0,15,8,2,0
135,4/18/1990,0,18,11,2,0
136,4/18/1990,0,2,17,2,0
137,4/18/1990,0,3,7,2,0
138,4/18/1990,0,5,16,2,0
139,4/18/1990,0,9,14,2,0
140,4/19/1990,0,1,6,2,0
141,4/19/1990,0,12,5,2,0
142,4/19/1990,0,18,11,2,0
143,4/19/1990,0,3,7,2,0
144,4/19/1990,0,9,14,2,0
145,4/20/1990,0,1,14,2,0
146,4/20/1990,0,10,18,2,0
147,4/20/1990,0,11,13,2,0
148,4/20/1990,0,12,5,2,0
149,4/20/1990,0,15,2,2,0
150,4/20/1990,0,17,3,2,0
151,4/20/1990,0,4,16,2,0
152,4/20/1990,0,7,6,2,0
153,4/20/1990,0,8,9,2,0
154,4/21/1990,0,1,14,2,0
155,4/21/1990,0,10,18,2,0
156,4/21/1990,0,11,13,2,0
157,4/21/1990,0,12,5,2,0
158,4/21/1990,0,15,2,2,0
159,4/21/1990,0,17,3,2,0
160,4/21/1990,0,4,16,2,0
161,4/21/1990,0,7,6,2,0
162,4/21/1990,0,8,9,2,0
163,4/22/1990,0,1,14,2,0
164,4/22/1990,0,10,18,2,0
165,4/22/1990,0,11,13,2,0
166,4/22/1990,0,12,5,2,0
167,4/22/1990,0,15,2,2,0
168,4/22/1990,0,17,3,2,0
169,4/22/1990,0,4,16,2,0
170,4/22/1990,0,7,6,2,0
171,4/22/1990,0,8,9,2,0
172,4/23/1990,0,13,1,2,0
173,4/23/1990,0,14,18,2,0
174,4/23/1990,0,17,4,2,0
175,4/23/1990,0,3,15,2,0
176,4/23/1990,0,5,8,2,0
177,4/23/1990,0,7,12,2,0
178,4/24/1990,0,13,1,2,0
179,4/24/1990,0,14,18,2,0
180,4/24/1990,0,16,2,2,0
181,4/24/1990,0,17,4,2,0
182,4/24/1990,0,3,15,2,0
183,4/24/1990,0,5,8,2,0
184,4/24/1990,0,6,10,2,0
185,4/24/1990,0,7,12,2,0
186,4/24/1990,0,9,11,2,0
187,4/25/1990,0,13,1,2,0
188,4/25/1990,0,14,18,2,0
189,4/25/1990,0,16,2,2,0
190,4/25/1990,0,17,4,2,0
191,4/25/1990,0,3,15,2,0
192,4/25/1990,0,5,8,2,0
193,4/25/1990,0,6,10,2,0
194,4/25/1990,0,7,12,2,0
195,4/25/1990,0,9,11,2,0
196,4/26/1990,0,16,2,2,0
197,4/26/1990,0,18,8,2,0
198,4/26/1990,0,3,15,2,0
199,4/26/1990,0,4,1,2,0
200,4/26/1990,0,6,10,2,0
201,4/26/1990,0,7,12,2,0
202,4/26/1990,0,9,11,2,0
203,4/27/1990,0,10,11,2,0
204,4/27/1990,0,12,15,2,0
205,4/27/1990,0,13,3,2,0
206,4/27/1990,0,14,5,2,0
207,4/27/1990,0,18,8,2,0
208,4/27/1990,0,2,7,2,0
209,4/27/1990,0,4,1,2,0
210,4/27/1990,0,6,17,2,0
211,4/27/1990,0,9,16,2,0
212,4/28/1990,0,10,11,2,0
213,4/28/1990,0,12,15,2,0
214,4/28/1990,0,13,3,2,0
215,4/28/1990,0,14,5,2,0
216,4/28/1990,0,18,8,2,0
217,4/28/1990,0,2,7,2,0
218,4/28/1990,0,4,1,2,0
219,4/28/1990,0,6,17,2,0
220,4/28/1990,0,9,16,2,0
221,4/29/1990,0,10,11,2,0
222,4/29/1990,0,12,15,2,0
223,4/29/1990,0,13,3,2,0
224,4/29/1990,0,14,5,2,0
225,4/29/1990,0,18,8,2,0
226,4/29/1990,0,2,7,2,0
227,4/29/1990,0,4,1,2,0
228,4/29/1990,0,6,17,2,0
229,4/29/1990,0,9,16,2,0
230,4/30/1990,0,1,10,2,0
231,4/30/1990,0,11,6,2,0
232,4/30/1990,0,3,9,2,0
233,4/30/1990,0,5,15,2,0
234,4/30/1990,0,7,16,2,0
235,4/30/1990,0,8,13,2,0
236,5/1/1990,0,1,10,2,0
237,5/1/1990,0,11,6,2,0
238,5/1/1990,0,17,2,2,0
239,5/1/1990,0,18,12,2,0
240,5/1/1990,0,3,9,2,0
241,5/1/1990,0,4,14,2,0
242,5/1/1990,0,5,15,2,0
243,5/1/1990,0,7,16,2,0
244,5/1/1990,0,8,13,2,0
245,5/2/1990,0,1,10,2,0
246,5/2/1990,0,11,6,2,0
247,5/2/1990,0,17,2,2,0
248,5/2/1990,0,18,12,2,0
249,5/2/1990,0,3,9,2,0
250,5/2/1990,0,4,14,2,0
251,5/2/1990,0,5,15,2,0
252,5/2/1990,0,7,16,2,0
253,5/2/1990,0,8,13,2,0
254,5/3/1990,0,10,9,2,0
255,5/3/1990,0,15,11,2,0
256,5/3/1990,0,16,5,2,0
257,5/3/1990,0,17,2,2,0
258,5/3/1990,0,18,12,2,0
259,5/3/1990,0,4,14,2,0
260,5/4/1990,0,1,7,2,0
261,5/4/1990,0,10,9,2,0
262,5/4/1990,0,15,11,2,0
263,5/4/1990,0,16,5,2,0
264,5/4/1990,0,17,13,2,0
265,5/4/1990,0,18,6,2,0
266,5/4/1990,0,2,14,2,0
267,5/4/1990,0,3,12,2,0
268,5/4/1990,0,8,4,2,0
269,5/5/1990,0,1,7,2,0
270,5/5/1990,0,10,9,2,0
271,5/5/1990,0,15,11,2,0
272,5/5/1990,0,16,5,2,0
273,5/5/1990,0,17,13,2,0
274,5/5/1990,0,18,6,2,0
275,5/5/1990,0,2,14,2,0
276,5/5/1990,0,3,12,2,0
277,5/5/1990,0,8,4,2,0
278,5/6/1990,0,1,7,2,0
279,5/6/1990,0,10,9,2,0
280,5/6/1990,0,15,11,2,0
281,5/6/1990,0,16,5,2,0
282,5/6/1990,0,17,13,2,0
283,5/6/1990,0,18,6,2,0
284,5/6/1990,0,2,14,2,0
285,5/6/1990,0,3,12,2,0
286,5/6/1990,0,8,4,2,0
287,5/7/1990,0,11,1,2,0
288,5/7/1990,0,13,16,2,0
289,5/7/1990,0,14,8,2,0
290,5/7/1990,0,15,17,2,0
291,5/7/1990,0,2,3,2,0
292,5/7/1990,0,4,5,2,0
293,5/7/1990,0,6,9,2,0
294,5/7/1990,0,7,18,2,0
295,5/8/1990,0,11,1,2,0
296,5/8/1990,0,12,10,2,0
297,5/8/1990,0,13,16,2,0
298,5/8/1990,0,14,8,2,0
299,5/8/1990,0,15,17,2,0
300,5/8/1990,0,2,3,2,0
301,5/8/1990,0,4,5,2,0
302,5/8/1990,0,6,9,2,0
303,5/8/1990,0,7,18,2,0
304,5/9/1990,0,11,1,2,0
305,5/9/1990,0,12,10,2,0
306,5/9/1990,0,13,16,2,0
307,5/9/1990,0,14,8,2,0
308,5/9/1990,0,15,17,2,0
309,5/9/1990,0,2,3,2,0
310,5/9/1990,0,4,5,2,0
311,5/9/1990,0,6,9,2,0
312,5/9/1990,0,7,18,2,0
313,5/10/1990,0,12,10,2,0
314,5/10/1990,0,13,15,2,0
315,5/10/1990,0,14,8,2,0
316,5/10/1990,0,16,6,2,0
317,5/10/1990,0,3,4,2,0
318,5/10/1990,0,5,11,2,0
319,5/10/1990,0,7,18,2,0
320,5/11/1990,0,12,1,2,0
321,5/11/1990,0,13,15,2,0
322,5/11/1990,0,16,6,2,0
323,5/11/1990,0,17,14,2,0
324,5/11/1990,0,2,18,2,0
325,5/11/1990,0,3,4,2,0
326,5/11/1990,0,5,11,2,0
327,5/11/1990,0,7,8,2,0
328,5/11/1990,0,9,10,2,0
329,5/12/1990,0,12,1,2,0
330,5/12/1990,0,13,15,2,0
331,5/12/1990,0,16,6,2,0
332,5/12/1990,0,17,14,2,0
333,5/12/1990,0,2,18,2,0
334,5/12/1990,0,3,4,2,0
335,5/12/1990,0,5,11,2,0
336,5/12/1990,0,7,8,2,0
337,5/12/1990,0,9,10,2,0
338,5/13/1990,0,12,1,2,0
339,5/13/1990,0,13,15,2,0
340,5/13/1990,0,16,6,2,0
341,5/13/1990,0,17,14,2,0
342,5/13/1990,0,2,18,2,0
343,5/13/1990,0,3,4,2,0
344,5/13/1990,0,5,11,2,0
345,5/13/1990,0,7,8,2,0
346,5/13/1990,0,9,10,2,0
347,5/14/1990,0,1,5,2,0
348,5/14/1990,0,10,12,2,0
349,5/14/1990,0,11,17,2,0
350,5/14/1990,0,15,9,2,0
351,5/14/1990,0,16,14,2,0
352,5/14/1990,0,18,7,2,0
353,5/14/1990,0,4,13,2,0
354,5/14/1990,0,8,2,2,0
355,5/15/1990,0,1,5,2,0
356,5/15/1990,0,10,12,2,0
357,5/15/1990,0,11,17,2,0
358,5/15/1990,0,15,9,2,0
359,5/15/1990,0,16,14,2,0
360,5/15/1990,0,18,7,2,0
361,5/15/1990,0,4,13,2,0
362,5/15/1990,0,6,3,2,0
363,5/15/1990,0,8,2,2,0
364,5/16/1990,0,1,5,2,0
365,5/16/1990,0,10,12,2,0
366,5/16/1990,0,11,17,2,0
367,5/16/1990,0,15,9,2,0
368,5/16/1990,0,16,14,2,0
369,5/16/1990,0,18,7,2,0
370,5/16/1990,0,4,13,2,0
371,5/16/1990,0,6,3,2,0
372,5/16/1990,0,8,2,2,0
373,5/17/1990,0,1,5,2,0
374,5/17/1990,0,11,17,2,0
375,5/17/1990,0,16,14,2,0
376,5/17/1990,0,4,13,2,0
377,5/17/1990,0,6,3,2,0
378,5/17/1990,0,8,2,2,0
379,5/18/1990,0,12,18,2,0
380,5/18/1990,0,14,17,2,0
381,5/18/1990,0,15,10,2,0
382,5/18/1990,0,2,16,2,0
383,5/18/1990,0,5,13,2,0
384,5/18/1990,0,6,4,2,0
385,5/18/1990,0,7,11,2,0
386,5/18/1990,0,8,1,2,0
387,5/18/1990,0,9,3,2,0
388,5/19/1990,0,12,18,2,0
389,5/19/1990,0,14,17,2,0
390,5/19/1990,0,15,10,2,0
391,5/19/1990,0,2,16,2,0
392,5/19/1990,0,5,13,2,0
393,5/19/1990,0,6,4,2,0
394,5/19/1990,0,7,11,2,0
395,5/19/1990,0,8,1,2,0
396,5/19/1990,0,9,3,2,0
397,5/20/1990,0,12,18,2,0
398,5/20/1990,0,14,17,2,0
399,5/20/1990,0,15,10,2,0
400,5/20/1990,0,2,16,2,0
401,5/20/1990,0,5,13,2,0
402,5/20/1990,0,6,4,2,0
403,5/20/1990,0,7,11,2,0
404,5/20/1990,0,8,1,2,0
405,5/20/1990,0,9,3,2,0
406,5/21/1990,0,1,4,2,0
407,5/21/1990,0,11,12,2,0
408,5/21/1990,0,13,8,2,0
409,5/21/1990,0,16,15,2,0
410,5/21/1990,0,17,6,2,0
411,5/21/1990,0,18,5,2,0
412,5/21/1990,0,9,2,2,0
413,5/22/1990,0,1,4,2,0
414,5/22/1990,0,10,7,2,0
415,5/22/1990,0,11,12,2,0
416,5/22/1990,0,13,8,2,0
417,5/22/1990,0,16,15,2,0
418,5/22/1990,0,17,6,2,0
419,5/22/1990,0,18,5,2,0
420,5/22/1990,0,3,14,2,0
421,5/22/1990,0,9,2,2,0
422,5/23/1990,0,1,4,2,0
423,5/23/1990,0,10,7,2,0
424,5/23/1990,0,11,12,2,0
425,5/23/1990,0,13,8,2,0
426,5/23/1990,0,16,15,2,0
427,5/23/1990,0,17,6,2,0
428,5/23/1990,0,18,5,2,0
429,5/23/1990,0,3,14,2,0
430,5/23/1990,0,9,2,2,0
431,5/24/1990,0,1,4,2,0
432,5/24/1990,0,10,7,2,0
433,5/24/1990,0,11,12,2,0
434,5/24/1990,0,16,15,2,0
435,5/24/1990,0,17,6,2,0
436,5/24/1990,0,3,14,2,0
437,5/24/1990,0,9,2,2,0
438,5/25/1990,0,1,13,2,0
439,5/25/1990,0,10,17,2,0
440,5/25/1990,0,14,11,2,0
441,5/25/1990,0,16,18,2,0
442,5/25/1990,0,2,15,2,0
443,5/25/1990,0,4,12,2,0
444,5/25/1990,0,5,6,2,0
445,5/25/1990,0,7,9,2,0
446,5/25/1990,0,8,3,2,0
447,5/26/1990,0,1,13,2,0
448,5/26/1990,0,10,17,2,0
449,5/26/1990,0,14,11,2,0
450,5/26/1990,0,16,18,2,0
451,5/26/1990,0,2,15,2,0
452,5/26/1990,0,4,12,2,0
453,5/26/1990,0,5,6,2,0
454,5/26/1990,0,7,9,2,0
455,5/26/1990,0,8,3,2,0
456,5/27/1990,0,1,13,2,0
457,5/27/1990,0,10,17,2,0
458,5/27/1990,0,14,11,2,0
459,5/27/1990,0,16,18,2,0
460,5/27/1990,0,2,15,2,0
461,5/27/1990,0,4,12,2,0
462,5/27/1990,0,5,6,2,0
463,5/27/1990,0,7,9,2,0
464,5/27/1990,0,8,3,2,0
465,5/28/1990,0,11,3,2,0
466,5/28/1990,0,12,9,2,0
467,5/28/1990,0,13,2,2,0
468,5/28/1990,0,15,1,2,0
469,5/28/1990,0,17,16,2,0
470,5/28/1990,0,18,14,2,0
471,5/28/1990,0,4,10,2,0
472,5/28/1990,0,5,7,2,0
473,5/28/1990,0,6,8,2,0
474,5/29/1990,0,11,3,2,0
475,5/29/1990,0,12,9,2,0
476,5/29/1990,0,13,2,2,0
477,5/29/1990,0,15,1,2,0
478,5/29/1990,0,17,16,2,0
479,5/29/1990,0,18,14,2,0
480,5/29/1990,0,4,10,2,0
481,5/29/1990,0,5,7,2,0
482,5/29/1990,0,6,8,2,0
483,5/30/1990,0,11,3,2,0
484,5/30/1990,0,12,9,2,0
485,5/30/1990,0,13,2,2,0
486,5/30/1990,0,15,1,2,0
487,5/30/1990,0,17,16,2,0
488,5/30/1990,0,18,14,2,0
489,5/30/1990,0,4,10,2,0
490,5/30/1990,0,5,7,2,0
491,5/30/1990,0,6,8,2,0
492,5/31/1990,0,13,2,2,0
493,5/31/1990,0,17,12,2,0
494,5/31/1990,0,18,10,2,0
495,5/31/1990,0,3,5,2,0
496,6/1/1990,0,1,2,2,0
497,6/1/1990,0,13,11,2,0
498,6/1/1990,0,14,6,2,0
499,6/1/1990,0,16,8,2,0
500,6/1/1990,0,17,12,2,0
501,6/1/1990,0,18,10,2,0
502,6/1/1990,0,3,5,2,0
503,6/1/1990,0,7,15,2,0
504,6/1/1990,0,9,4,2,0
505,6/2/1990,0,1,2,2,0
506,6/2/1990,0,13,11,2,0
507,6/2/1990,0,14,6,2,0
508,6/2/1990,0,16,8,2,0
509,6/2/1990,0,17,12,2,0
510,6/2/1990,0,18,10,2,0
511,6/2/1990,0,3,5,2,0
512,6/2/1990,0,7,15,2,0
513,6/2/1990,0,9,4,2,0
514,6/3/1990,0,1,2,2,0
515,6/3/1990,0,13,11,2,0
516,6/3/1990,0,14,6,2,0
517,6/3/1990,0,16,8,2,0
518,6/3/1990,0,17,12,2,0
519,6/3/1990,0,18,10,2,0
520,6/3/1990,0,3,5,2,0
521,6/3/1990,0,7,15,2,0
522,6/3/1990,0,9,4,2,0
523,6/4/1990,0,11,15,2,0
524,6/4/1990,0,14,16,2,0
525,6/4/1990,0,2,10,2,0
526,6/4/1990,0,4,7,2,0
527,6/4/1990,0,5,18,2,0
528,6/4/1990,0,6,1,2,0
529,6/4/1990,0,8,12,2,0
530,6/4/1990,0,9,17,2,0
531,6/5/1990,0,11,15,2,0
532,6/5/1990,0,14,16,2,0
533,6/5/1990,0,2,10,2,0
534,6/5/1990,0,3,13,2,0
535,6/5/1990,0,4,7,2,0
536,6/5/1990,0,5,18,2,0
537,6/5/1990,0,6,1,2,0
538,6/5/1990,0,8,12,2,0
539,6/5/1990,0,9,17,2,0
540,6/6/1990,0,11,15,2,0
541,6/6/1990,0,14,16,2,0
542,6/6/1990,0,2,10,2,0
543,6/6/1990,0,3,13,2,0
544,6/6/1990,0,4,7,2,0
545,6/6/1990,0,5,18,2,0
546,6/6/1990,0,6,1,2,0
547,6/6/1990,0,8,12,2,0
548,6/6/1990,0,9,17,2,0
549,6/7/1990,0,11,18,2,0
550,6/7/1990,0,17,8,2,0
551,6/7/1990,0,2,10,2,0
552,6/7/1990,0,3,13,2,0
553,6/7/1990,0,4,7,2,0
554,6/8/1990,0,10,1,2,0
555,6/8/1990,0,11,18,2,0
556,6/8/1990,0,12,3,2,0
557,6/8/1990,0,15,7,2,0
558,6/8/1990,0,16,4,2,0
559,6/8/1990,0,17,8,2,0
560,6/8/1990,0,2,5,2,0
561,6/8/1990,0,6,14,2,0
562,6/8/1990,0,9,13,2,0
563,6/9/1990,0,10,1,2,0
564,6/9/1990,0,11,18,2,0
565,6/9/1990,0,12,3,2,0
566,6/9/1990,0,15,7,2,0
567,6/9/1990,0,16,4,2,0
568,6/9/1990,0,17,8,2,0
569,6/9/1990,0,2,5,2,0
570,6/9/1990,0,6,14,2,0
571,6/9/1990,0,9,13,2,0
572,6/10/1990,0,10,1,2,0
573,6/10/1990,0,11,18,2,0
574,6/10/1990,0,12,3,2,0
575,6/10/1990,0,15,7,2,0
576,6/10/1990,0,16,4,2,0
577,6/10/1990,0,17,8,2,0
578,6/10/1990,0,2,5,2,0
579,6/10/1990,0,6,14,2,0
580,6/10/1990,0,9,13,2,0
581,6/11/1990,0,10,16,2,0
582,6/11/1990,0,12,17,2,0
583,6/11/1990,0,13,6,2,0
584,6/11/1990,0,15,14,2,0
585,6/11/1990,0,18,2,2,0
586,6/11/1990,0,3,8,2,0
587,6/11/1990,0,4,9,2,0
588,6/11/1990,0,7,5,2,0
589,6/12/1990,0,1,11,2,0
590,6/12/1990,0,10,16,2,0
591,6/12/1990,0,12,17,2,0
592,6/12/1990,0,13,6,2,0
593,6/12/1990,0,15,14,2,0
594,6/12/1990,0,18,2,2,0
595,6/12/1990,0,3,8,2,0
596,6/12/1990,0,4,9,2,0
597,6/12/1990,0,7,5,2,0
598,6/13/1990,0,1,11,2,0
599,6/13/1990,0,10,16,2,0
600,6/13/1990,0,12,17,2,0
601,6/13/1990,0,13,6,2,0
602,6/13/1990,0,15,14,2,0
603,6/13/1990,0,18,2,2,0
604,6/13/1990,0,3,8,2,0
605,6/13/1990,0,4,9,2,0
606,6/13/1990,0,7,5,2,0
607,6/14/1990,0,1,11,2,0
608,6/14/1990,0,10,16,2,0
609,6/14/1990,0,12,17,2,0
610,6/14/1990,0,14,3,2,0
611,6/14/1990,0,18,2,2,0
612,6/14/1990,0,4,9,2,0
613,6/14/1990,0,6,7,2,0
614,6/15/1990,0,10,12,2,0
615,6/15/1990,0,13,18,2,0
616,6/15/1990,0,14,3,2,0
617,6/15/1990,0,15,4,2,0
618,6/15/1990,0,17,11,2,0
619,6/15/1990,0,2,9,2,0
620,6/15/1990,0,5,1,2,0
621,6/15/1990,0,6,7,2,0
622,6/15/1990,0,8,16,2,0
623,6/16/1990,0,10,12,2,0
624,6/16/1990,0,13,18,2,0
625,6/16/1990,0,14,3,2,0
626,6/16/1990,0,15,4,2,0
627,6/16/1990,0,17,11,2,0
628,6/16/1990,0,2,9,2,0
629,6/16/1990,0,5,1,2,0
630,6/16/1990,0,6,7,2,0
631,6/16/1990,0,8,16,2,0
632,6/17/1990,0,10,12,2,0
633,6/17/1990,0,13,18,2,0
634,6/17/1990,0,14,3,2,0
635,6/17/1990,0,15,4,2,0
636,6/17/1990,0,17,11,2,0
637,6/17/1990,0,2,9,2,0
638,6/17/1990,0,5,1,2,0
639,6/17/1990,0,6,7,2,0
640,6/17/1990,0,8,16,2,0
641,6/18/1990,0,1,17,2,0
642,6/18/1990,0,11,14,2,0
643,6/18/1990,0,12,16,2,0
644,6/18/1990,0,3,10,2,0
645,6/18/1990,0,4,18,2,0
646,6/18/1990,0,7,13,2,0
647,6/18/1990,0,8,6,2,0
648,6/18/1990,0,9,15,2,0
649,6/19/1990,0,1,17,2,0
650,6/19/1990,0,11,14,2,0
651,6/19/1990,0,12,16,2,0
652,6/19/1990,0,3,10,2,0
653,6/19/1990,0,4,18,2,0
654,6/19/1990,0,5,2,2,0
655,6/19/1990,0,7,13,2,0
656,6/19/1990,0,8,6,2,0
657,6/19/1990,0,9,15,2,0
658,6/20/1990,0,1,17,2,0
659,6/20/1990,0,11,14,2,0
660,6/20/1990,0,12,16,2,0
661,6/20/1990,0,3,10,2,0
662,6/20/1990,0,4,18,2,0
663,6/20/1990,0,5,2,2,0
664,6/20/1990,0,7,13,2,0
665,6/20/1990,0,8,6,2,0
666,6/20/1990,0,9,15,2,0
667,6/21/1990,0,11,9,2,0
668,6/21/1990,0,13,4,2,0
669,6/21/1990,0,14,1,2,0
670,6/21/1990,0,3,10,2,0
671,6/21/1990,0,5,2,2,0
672,6/21/1990,0,8,6,2,0
673,6/22/1990,0,11,9,2,0
674,6/22/1990,0,13,4,2,0
675,6/22/1990,0,14,1,2,0
676,6/22/1990,0,16,17,2,0
677,6/22/1990,0,18,15,2,0
678,6/22/1990,0,2,6,2,0
679,6/22/1990,0,5,12,2,0
680,6/22/1990,0,7,3,2,0
681,6/22/1990,0,8,10,2,0
682,6/23/1990,0,11,9,2,0
683,6/23/1990,0,13,4,2,0
684,6/23/1990,0,14,1,2,0
685,6/23/1990,0,16,17,2,0
686,6/23/1990,0,18,15,2,0
687,6/23/1990,0,2,6,2,0
688,6/23/1990,0,5,12,2,0
689,6/23/1990,0,7,3,2,0
690,6/23/1990,0,8,10,2,0
691,6/24/1990,0,11,9,2,0
692,6/24/1990,0,13,4,2,0
693,6/24/1990,0,14,1,2,0
694,6/24/1990,0,16,17,2,0
695,6/24/1990,0,18,15,2,0
696,6/24/1990,0,2,6,2,0
697,6/24/1990,0,5,12,2,0
698,6/24/1990,0,7,3,2,0
699,6/24/1990,0,8,10,2,0
700,6/25/1990,0,12,2,2,0
701,6/25/1990,0,14,9,2,0
702,6/25/1990,0,15,3,2,0
703,6/25/1990,0,16,7,2,0
704,6/25/1990,0,17,18,2,0
705,6/25/1990,0,4,11,2,0
706,6/25/1990,0,6,13,2,0
707,6/26/1990,0,1,8,2,0
708,6/26/1990,0,10,5,2,0
709,6/26/1990,0,12,2,2,0
710,6/26/1990,0,14,9,2,0
711,6/26/1990,0,15,3,2,0
712,6/26/1990,0,16,7,2,0
713,6/26/1990,0,17,18,2,0
714,6/26/1990,0,4,11,2,0
715,6/26/1990,0,6,13,2,0
716,6/27/1990,0,1,8,2,0
717,6/27/1990,0,10,5,2,0
718,6/27/1990,0,12,2,2,0
719,6/27/1990,0,14,9,2,0
720,6/27/1990,0,15,3,2,0
721,6/27/1990,0,16,7,2,0
722,6/27/1990,0,17,18,2,0
723,6/27/1990,0,4,11,2,0
724,6/27/1990,0,6,13,2,0
725,6/28/1990,0,1,8,2,0
726,6/28/1990,0,10,5,2,0
727,6/28/1990,0,15,3,2,0
728,6/28/1990,0,16,7,2,0
729,6/28/1990,0,18,13,2,0
730,6/28/1990,0,4,2,2,0
731,6/28/1990,0,9,6,2,0
732,6/29/1990,0,14,10,2,0
733,6/29/1990,0,16,12,2,0
734,6/29/1990,0,18,13,2,0
735,6/29/1990,0,3,1,2,0
736,6/29/1990,0,4,2,2,0
737,6/29/1990,0,5,17,2,0
738,6/29/1990,0,7,11,2,0
739,6/29/1990,0,8,15,2,0
740,6/29/1990,0,9,6,2,0
741,6/30/1990,0,14,10,2,0
742,6/30/1990,0,16,12,2,0
743,6/30/1990,0,18,13,2,0
744,6/30/1990,0,3,1,2,0
745,6/30/1990,0,4,2,2,0
746,6/30/1990,0,5,17,2,0
747,6/30/1990,0,7,11,2,0
748,6/30/1990,0,8,15,2,0
749,6/30/1990,0,9,6,2,0
750,7/1/1990,0,14,10,2,0
751,7/1/1990,0,16,12,2,0
752,7/1/1990,0,18,13,2,0
753,7/1/1990,0,3,1,2,0
754,7/1/1990,0,4,2,2,0
755,7/1/1990,0,5,17,2,0
756,7/1/1990,0,7,11,2,0
757,7/1/1990,0,8,15,2,0
758,7/1/1990,0,9,6,2,0
759,7/2/1990,0,10,8,2,0
760,7/2/1990,0,13,14,2,0
761,7/2/1990,0,15,16,2,0
762,7/2/1990,0,3,17,2,0
763,7/3/1990,0,1,9,2,0
764,7/3/1990,0,10,8,2,0
765,7/3/1990,0,12,7,2,0
766,7/3/1990,0,13,14,2,0
767,7/3/1990,0,15,16,2,0
768,7/3/1990,0,18,4,2,0
769,7/3/1990,0,2,11,2,0
770,7/3/1990,0,3,17,2,0
771,7/3/1990,0,6,5,2,0
772,7/4/1990,0,1,9,2,0
773,7/4/1990,0,10,8,2,0
774,7/4/1990,0,12,7,2,0
775,7/4/1990,0,13,14,2,0
776,7/4/1990,0,15,16,2,0
777,7/4/1990,0,18,4,2,0
778,7/4/1990,0,2,11,2,0
779,7/4/1990,0,3,17,2,0
780,7/4/1990,0,6,5,2,0
781,7/5/1990,0,1,9,2,0
782,7/5/1990,0,12,7,2,0
783,7/5/1990,0,13,14,2,0
784,7/5/1990,0,18,4,2,0
785,7/5/1990,0,2,11,2,0
786,7/5/1990,0,3,17,2,0
787,7/5/1990,0,6,5,2,0
788,7/6/1990,0,11,4,2,0
789,7/6/1990,0,13,10,2,0
790,7/6/1990,0,15,18,2,0
791,7/6/1990,0,16,3,2,0
792,7/6/1990,0,17,1,2,0
793,7/6/1990,0,5,14,2,0
794,7/6/1990,0,6,2,2,0
795,7/6/1990,0,8,7,2,0
796,7/6/1990,0,9,12,2,0
797,7/7/1990,0,11,4,2,0
798,7/7/1990,0,13,10,2,0
799,7/7/1990,0,15,18,2,0
800,7/7/1990,0,16,3,2,0
801,7/7/1990,0,17,1,2,0
802,7/7/1990,0,5,14,2,0
803,7/7/1990,0,6,2,2,0
804,7/7/1990,0,8,7,2,0
805,7/7/1990,0,9,12,2,0
806,7/8/1990,0,11,4,2,0
807,7/8/1990,0,13,10,2,0
808,7/8/1990,0,15,18,2,0
809,7/8/1990,0,16,3,2,0
810,7/8/1990,0,17,1,2,0
811,7/8/1990,0,5,14,2,0
812,7/8/1990,0,6,2,2,0
813,7/8/1990,0,8,7,2,0
814,7/8/1990,0,9,12,2,0
815,7/12/1990,0,1,16,2,0
816,7/12/1990,0,12,8,2,0
817,7/13/1990,0,1,16,2,0
818,7/13/1990,0,10,14,2,0
819,7/13/1990,0,12,8,2,0
820,7/13/1990,0,17,5,2,0
821,7/13/1990,0,2,11,2,0
822,7/13/1990,0,3,6,2,0
823,7/13/1990,0,4,15,2,0
824,7/13/1990,0,7,13,2,0
825,7/13/1990,0,9,18,2,0
826,7/14/1990,0,1,16,2,0
827,7/14/1990,0,10,14,2,0
828,7/14/1990,0,12,8,2,0
829,7/14/1990,0,17,5,2,0
830,7/14/1990,0,2,11,2,0
831,7/14/1990,0,3,6,2,0
832,7/14/1990,0,4,15,2,0
833,7/14/1990,0,7,13,2,0
834,7/14/1990,0,9,18,2,0
835,7/15/1990,0,1,16,2,0
836,7/15/1990,0,10,14,2,0
837,7/15/1990,0,12,8,2,0
838,7/15/1990,0,17,5,2,0
839,7/15/1990,0,2,11,2,0
840,7/15/1990,0,3,6,2,0
841,7/15/1990,0,4,15,2,0
842,7/15/1990,0,7,13,2,0
843,7/15/1990,0,9,18,2,0
844,7/16/1990,0,1,12,2,0
845,7/16/1990,0,10,2,2,0
846,7/16/1990,0,11,8,2,0
847,7/16/1990,0,13,17,2,0
848,7/16/1990,0,14,4,2,0
849,7/16/1990,0,18,3,2,0
850,7/16/1990,0,5,15,2,0
851,7/16/1990,0,6,16,2,0
852,7/16/1990,0,9,7,2,0
853,7/17/1990,0,1,12,2,0
854,7/17/1990,0,10,2,2,0
855,7/17/1990,0,11,8,2,0
856,7/17/1990,0,13,17,2,0
857,7/17/1990,0,14,4,2,0
858,7/17/1990,0,18,3,2,0
859,7/17/1990,0,5,15,2,0
860,7/17/1990,0,6,16,2,0
861,7/17/1990,0,9,7,2,0
862,7/18/1990,0,1,12,2,0
863,7/18/1990,0,10,2,2,0
864,7/18/1990,0,11,8,2,0
865,7/18/1990,0,13,17,2,0
866,7/18/1990,0,14,4,2,0
867,7/18/1990,0,18,3,2,0
868,7/18/1990,0,5,15,2,0
869,7/18/1990,0,6,16,2,0
870,7/18/1990,0,9,7,2,0
871,7/19/1990,0,1,12,2,0
872,7/19/1990,0,10,2,2,0
873,7/19/1990,0,14,13,2,0
874,7/19/1990,0,16,11,2,0
875,7/19/1990,0,18,3,2,0
876,7/19/1990,0,9,7,2,0
877,7/20/1990,0,12,2,2,0
878,7/20/1990,0,14,13,2,0
879,7/20/1990,0,15,6,2,0
880,7/20/1990,0,16,11,2,0
881,7/20/1990,0,17,10,2,0
882,7/20/1990,0,18,9,2,0
883,7/20/1990,0,4,3,2,0
884,7/20/1990,0,7,1,2,0
885,7/20/1990,0,8,5,2,0
886,7/21/1990,0,12,2,2,0
887,7/21/1990,0,14,13,2,0
888,7/21/1990,0,15,6,2,0
889,7/21/1990,0,16,11,2,0
890,7/21/1990,0,17,10,2,0
891,7/21/1990,0,18,9,2,0
892,7/21/1990,0,4,3,2,0
893,7/21/1990,0,7,1,2,0
894,7/21/1990,0,8,5,2,0
895,7/22/1990,0,12,2,2,0
896,7/22/1990,0,14,13,2,0
897,7/22/1990,0,15,6,2,0
898,7/22/1990,0,16,11,2,0
899,7/22/1990,0,17,10,2,0
900,7/22/1990,0,18,9,2,0
901,7/22/1990,0,4,3,2,0
902,7/22/1990,0,7,1,2,0
903,7/22/1990,0,8,5,2,0
904,7/23/1990,0,10,6,2,0
905,7/23/1990,0,13,9,2,0
906,7/23/1990,0,17,7,2,0
907,7/23/1990,0,18,16,2,0
908,7/23/1990,0,2,8,2,0
909,7/23/1990,0,3,11,2,0
910,7/23/1990,0,5,4,2,0
911,7/24/1990,0,1,15,2,0
912,7/24/1990,0,10,6,2,0
913,7/24/1990,0,12,14,2,0
914,7/24/1990,0,13,9,2,0
915,7/24/1990,0,17,7,2,0
916,7/24/1990,0,18,16,2,0
917,7/24/1990,0,2,8,2,0
918,7/24/1990,0,3,11,2,0
919,7/24/1990,0,5,4,2,0
920,7/25/1990,0,1,15,2,0
921,7/25/1990,0,10,6,2,0
922,7/25/1990,0,12,14,2,0
923,7/25/1990,0,13,9,2,0
924,7/25/1990,0,17,7,2,0
925,7/25/1990,0,18,16,2,0
926,7/25/1990,0,2,8,2,0
927,7/25/1990,0,3,11,2,0
928,7/25/1990,0,5,4,2,0
929,7/26/1990,0,1,15,2,0
930,7/26/1990,0,11,5,2,0
931,7/26/1990,0,12,14,2,0
932,7/26/1990,0,13,9,2,0
933,7/26/1990,0,18,16,2,0
934,7/26/1990,0,7,10,2,0
935,7/27/1990,0,11,5,2,0
936,7/27/1990,0,15,12,2,0
937,7/27/1990,0,16,13,2,0
938,7/27/1990,0,2,1,2,0
939,7/27/1990,0,4,17,2,0
940,7/27/1990,0,6,18,2,0
941,7/27/1990,0,7,10,2,0
942,7/27/1990,0,8,14,2,0
943,7/27/1990,0,9,3,2,0
944,7/28/1990,0,11,5,2,0
945,7/28/1990,0,15,12,2,0
946,7/28/1990,0,16,13,2,0
947,7/28/1990,0,2,1,2,0
948,7/28/1990,0,4,17,2,0
949,7/28/1990,0,6,18,2,0
950,7/28/1990,0,7,10,2,0
951,7/28/1990,0,8,14,2,0
952,7/28/1990,0,9,3,2,0
953,7/29/1990,0,11,5,2,0
954,7/29/1990,0,15,12,2,0
955,7/29/1990,0,16,13,2,0
956,7/29/1990,0,2,1,2,0
957,7/29/1990,0,4,17,2,0
958,7/29/1990,0,6,18,2,0
959,7/29/1990,0,7,10,2,0
960,7/29/1990,0,8,14,2,0
961,7/29/1990,0,9,3,2,0
962,7/30/1990,0,13,5,2,0
963,7/30/1990,0,3,2,2,0
964,7/30/1990,0,6,15,2,0
965,7/30/1990,0,9,8,2,0
966,7/31/1990,0,1,10,2,0
967,7/31/1990,0,11,16,2,0
968,7/31/1990,0,13,5,2,0
969,7/31/1990,0,14,12,2,0
970,7/31/1990,0,18,17,2,0
971,7/31/1990,0,3,2,2,0
972,7/31/1990,0,6,15,2,0
973,7/31/1990,0,7,4,2,0
974,7/31/1990,0,9,8,2,0
975,8/1/1990,0,1,10,2,0
976,8/1/1990,0,11,16,2,0
977,8/1/1990,0,13,5,2,0
978,8/1/1990,0,14,12,2,0
979,8/1/1990,0,18,17,2,0
980,8/1/1990,0,3,2,2,0
981,8/1/1990,0,6,15,2,0
982,8/1/1990,0,7,4,2,0
983,8/1/1990,0,9,8,2,0
984,8/2/1990,0,1,10,2,0
985,8/2/1990,0,11,16,2,0
986,8/2/1990,0,14,12,2,0
987,8/2/1990,0,18,17,2,0
988,8/2/1990,0,5,9,2,0
989,8/2/1990,0,6,15,2,0
990,8/2/1990,0,7,4,2,0
991,8/3/1990,0,10,15,2,0
992,8/3/1990,0,12,13,2,0
993,8/3/1990,0,14,11,2,0
994,8/3/1990,0,18,6,2,0
995,8/3/1990,0,3,16,2,0
996,8/3/1990,0,4,17,2,0
997,8/3/1990,0,5,9,2,0
998,8/3/1990,0,7,2,2,0
999,8/3/1990,0,8,1,2,0
1000,8/4/1990,0,10,15,2,0
1001,8/4/1990,0,12,13,2,0
1002,8/4/1990,0,14,11,2,0
1003,8/4/1990,0,18,6,2,0
1004,8/4/1990,0,3,16,2,0
1005,8/4/1990,0,4,17,2,0
1006,8/4/1990,0,5,9,2,0
1007,8/4/1990,0,7,2,2,0
1008,8/4/1990,0,8,1,2,0
1009,8/5/1990,0,10,15,2,0
1010,8/5/1990,0,12,13,2,0
1011,8/5/1990,0,14,11,2,0
1012,8/5/1990,0,18,6,2,0
1013,8/5/1990,0,3,16,2,0
1014,8/5/1990,0,4,17,2,0
1015,8/5/1990,0,5,9,2,0
1016,8/5/1990,0,7,2,2,0
1017,8/5/1990,0,8,1,2,0
1018,8/6/1990,0,1,18,2,0
1019,8/6/1990,0,15,12,2,0
1020,8/6/1990,0,4,3,2,0
1021,8/6/1990,0,5,10,2,0
1022,8/7/1990,0,1,18,2,0
1023,8/7/1990,0,13,7,2,0
1024,8/7/1990,0,15,12,2,0
1025,8/7/1990,0,2,14,2,0
1026,8/7/1990,0,4,3,2,0
1027,8/7/1990,0,5,10,2,0
1028,8/7/1990,0,6,11,2,0
1029,8/7/1990,0,8,16,2,0
1030,8/7/1990,0,9,17,2,0
1031,8/8/1990,0,1,18,2,0
1032,8/8/1990,0,13,7,2,0
1033,8/8/1990,0,15,12,2,0
1034,8/8/1990,0,2,14,2,0
1035,8/8/1990,0,4,3,2,0
1036,8/8/1990,0,5,10,2,0
1037,8/8/1990,0,6,11,2,0
1038,8/8/1990,0,8,16,2,0
1039,8/8/1990,0,9,17,2,0
1040,8/9/1990,0,1,18,2,0
1041,8/9/1990,0,13,7,2,0
1042,8/9/1990,0,2,14,2,0
1043,8/9/1990,0,5,10,2,0
1044,8/9/1990,0,6,11,2,0
1045,8/9/1990,0,8,16,2,0
1046,8/9/1990,0,9,17,2,0
1047,8/10/1990,0,10,8,2,0
1048,8/10/1990,0,11,15,2,0
1049,8/10/1990,0,12,9,2,0
1050,8/10/1990,0,13,1,2,0
1051,8/10/1990,0,16,2,2,0
1052,8/10/1990,0,17,5,2,0
1053,8/10/1990,0,18,4,2,0
1054,8/10/1990,0,6,3,2,0
1055,8/10/1990,0,7,14,2,0
1056,8/11/1990,0,10,8,2,0
1057,8/11/1990,0,11,15,2,0
1058,8/11/1990,0,12,9,2,0
1059,8/11/1990,0,13,1,2,0
1060,8/11/1990,0,16,2,2,0
1061,8/11/1990,0,17,5,2,0
1062,8/11/1990,0,18,4,2,0
1063,8/11/1990,0,6,3,2,0
1064,8/11/1990,0,7,14,2,0
1065,8/12/1990,0,10,8,2,0
1066,8/12/1990,0,11,15,2,0
1067,8/12/1990,0,12,9,2,0
1068,8/12/1990,0,13,1,2,0
1069,8/12/1990,0,16,2,2,0
1070,8/12/1990,0,17,5,2,0
1071,8/12/1990,0,18,4,2,0
1072,8/12/1990,0,6,3,2,0
1073,8/12/1990,0,7,14,2,0
1074,8/13/1990,0,14,9,2,0
1075,8/13/1990,0,2,12,2,0
1076,8/13/1990,0,8,11,2,0
1077,8/14/1990,0,1,3,2,0
1078,8/14/1990,0,10,4,2,0
1079,8/14/1990,0,14,9,2,0
1080,8/14/1990,0,15,7,2,0
1081,8/14/1990,0,17,18,2,0
1082,8/14/1990,0,2,12,2,0
1083,8/14/1990,0,5,16,2,0
1084,8/14/1990,0,6,13,2,0
1085,8/14/1990,0,8,11,2,0
1086,8/15/1990,0,1,3,2,0
1087,8/15/1990,0,10,4,2,0
1088,8/15/1990,0,14,9,2,0
1089,8/15/1990,0,15,7,2,0
1090,8/15/1990,0,17,18,2,0
1091,8/15/1990,0,2,12,2,0
1092,8/15/1990,0,5,16,2,0
1093,8/15/1990,0,6,13,2,0
1094,8/15/1990,0,8,11,2,0
1095,8/16/1990,0,1,3,2,0
1096,8/16/1990,0,10,4,2,0
1097,8/16/1990,0,15,7,2,0
1098,8/16/1990,0,17,18,2,0
1099,8/16/1990,0,2,12,2,0
1100,8/16/1990,0,5,16,2,0
1101,8/16/1990,0,6,13,2,0
1102,8/16/1990,0,8,14,2,0
1103,8/17/1990,0,10,6,2,0
1104,8/17/1990,0,11,2,2,0
1105,8/17/1990,0,13,18,2,0
1106,8/17/1990,0,15,1,2,0
1107,8/17/1990,0,16,17,2,0
1108,8/17/1990,0,3,12,2,0
1109,8/17/1990,0,7,5,2,0
1110,8/17/1990,0,8,14,2,0
1111,8/17/1990,0,9,4,2,0
1112,8/18/1990,0,10,6,2,0
1113,8/18/1990,0,11,2,2,0
1114,8/18/1990,0,13,18,2,0
1115,8/18/1990,0,15,1,2,0
1116,8/18/1990,0,16,17,2,0
1117,8/18/1990,0,3,12,2,0
1118,8/18/1990,0,7,5,2,0
1119,8/18/1990,0,8,14,2,0
1120,8/18/1990,0,9,4,2,0
1121,8/19/1990,0,10,6,2,0
1122,8/19/1990,0,11,2,2,0
1123,8/19/1990,0,13,18,2,0
1124,8/19/1990,0,15,1,2,0
1125,8/19/1990,0,16,17,2,0
1126,8/19/1990,0,3,12,2,0
1127,8/19/1990,0,7,5,2,0
1128,8/19/1990,0,8,14,2,0
1129,8/19/1990,0,9,4,2,0
1130,8/20/1990,0,14,6,2,0
1131,8/20/1990,0,3,13,2,0
1132,8/21/1990,0,12,10,2,0
1133,8/21/1990,0,14,6,2,0
1134,8/21/1990,0,16,4,2,0
1135,8/21/1990,0,18,15,2,0
1136,8/21/1990,0,2,9,2,0
1137,8/21/1990,0,3,13,2,0
1138,8/21/1990,0,5,17,2,0
1139,8/21/1990,0,7,1,2,0
1140,8/21/1990,0,8,11,2,0
1141,8/22/1990,0,12,10,2,0
1142,8/22/1990,0,14,6,2,0
1143,8/22/1990,0,16,4,2,0
1144,8/22/1990,0,18,15,2,0
1145,8/22/1990,0,2,9,2,0
1146,8/22/1990,0,3,13,2,0
1147,8/22/1990,0,5,17,2,0
1148,8/22/1990,0,7,1,2,0
1149,8/22/1990,0,8,11,2,0
1150,8/23/1990,0,12,10,2,0
1151,8/23/1990,0,14,6,2,0
1152,8/23/1990,0,16,4,2,0
1153,8/23/1990,0,18,15,2,0
1154,8/23/1990,0,2,9,2,0
1155,8/23/1990,0,5,17,2,0
1156,8/23/1990,0,7,1,2,0
1157,8/23/1990,0,8,11,2,0
1158,8/24/1990,0,10,5,2,0
1159,8/24/1990,0,12,11,2,0
1160,8/24/1990,0,15,14,2,0
1161,8/24/1990,0,17,16,2,0
1162,8/24/1990,0,18,7,2,0
1163,8/24/1990,0,2,4,2,0
1164,8/24/1990,0,3,8,2,0
1165,8/24/1990,0,6,1,2,0
1166,8/24/1990,0,9,13,2,0
1167,8/25/1990,0,10,5,2,0
1168,8/25/1990,0,12,11,2,0
1169,8/25/1990,0,15,14,2,0
1170,8/25/1990,0,17,16,2,0
1171,8/25/1990,0,18,7,2,0
1172,8/25/1990,0,2,4,2,0
1173,8/25/1990,0,3,8,2,0
1174,8/25/1990,0,6,1,2,0
1175,8/25/1990,0,9,13,2,0
1176,8/26/1990,0,10,5,2,0
1177,8/26/1990,0,12,11,2,0
1178,8/26/1990,0,15,14,2,0
1179,8/26/1990,0,17,16,2,0
1180,8/26/1990,0,18,7,2,0
1181,8/26/1990,0,2,4,2,0
1182,8/26/1990,0,3,8,2,0
1183,8/26/1990,0,6,1,2,0
1184,8/26/1990,0,9,13,2,0
1185,8/27/1990,0,11,4,2,0
1186,8/27/1990,0,16,9,2,0
1187,8/27/1990,0,8,12,2,0
1188,8/28/1990,0,1,14,2,0
1189,8/28/1990,0,11,4,2,0
1190,8/28/1990,0,13,10,2,0
1191,8/28/1990,0,15,17,2,0
1192,8/28/1990,0,16,9,2,0
1193,8/28/1990,0,2,5,2,0
1194,8/28/1990,0,3,18,2,0
1195,8/28/1990,0,7,6,2,0
1196,8/28/1990,0,8,12,2,0
1197,8/29/1990,0,1,14,2,0
1198,8/29/1990,0,11,4,2,0
1199,8/29/1990,0,13,10,2,0
1200,8/29/1990,0,15,17,2,0
1201,8/29/1990,0,16,9,2,0
1202,8/29/1990,0,2,5,2,0
1203,8/29/1990,0,3,18,2,0
1204,8/29/1990,0,7,6,2,0
1205,8/29/1990,0,8,12,2,0
1206,8/30/1990,0,1,14,2,0
1207,8/30/1990,0,13,10,2,0
1208,8/30/1990,0,15,17,2,0
1209,8/30/1990,0,2,5,2,0
1210,8/30/1990,0,3,18,2,0
1211,8/30/1990,0,7,6,2,0
1212,8/31/1990,0,10,7,2,0
1213,8/31/1990,0,11,1,2,0
1214,8/31/1990,0,12,15,2,0
1215,8/31/1990,0,17,14,2,0
1216,8/31/1990,0,2,18,2,0
1217,8/31/1990,0,4,16,2,0
1218,8/31/1990,0,5,3,2,0
1219,8/31/1990,0,6,9,2,0
1220,8/31/1990,0,8,13,2,0
1221,9/1/1990,0,10,7,2,0
1222,9/1/1990,0,11,1,2,0
1223,9/1/1990,0,12,15,2,0
1224,9/1/1990,0,17,14,2,0
1225,9/1/1990,0,2,18,2,0
1226,9/1/1990,0,4,16,2,0
1227,9/1/1990,0,5,3,2,0
1228,9/1/1990,0,6,9,2,0
1229,9/1/1990,0,8,13,2,0
1230,9/2/1990,0,10,7,2,0
1231,9/2/1990,0,11,1,2,0
1232,9/2/1990,0,12,15,2,0
1233,9/2/1990,0,17,14,2,0
1234,9/2/1990,0,2,18,2,0
1235,9/2/1990,0,4,16,2,0
1236,9/2/1990,0,5,3,2,0
1237,9/2/1990,0,6,9,2,0
1238,9/2/1990,0,8,13,2,0
1239,9/3/1990,0,17,11,2,0
1240,9/4/1990,0,1,9,2,0
1241,9/4/1990,0,14,5,2,0
1242,9/4/1990,0,15,13,2,0
1243,9/4/1990,0,16,10,2,0
1244,9/4/1990,0,17,11,2,0
1245,9/4/1990,0,18,12,2,0
1246,9/4/1990,0,3,2,2,0
1247,9/4/1990,0,4,6,2,0
1248,9/4/1990,0,7,8,2,0
1249,9/5/1990,0,1,9,2,0
1250,9/5/1990,0,14,5,2,0
1251,9/5/1990,0,15,13,2,0
1252,9/5/1990,0,16,10,2,0
1253,9/5/1990,0,17,11,2,0
1254,9/5/1990,0,18,12,2,0
1255,9/5/1990,0,3,2,2,0
1256,9/5/1990,0,4,6,2,0
1257,9/5/1990,0,7,8,2,0
1258,9/6/1990,0,1,9,2,0
1259,9/6/1990,0,14,5,2,0
1260,9/6/1990,0,15,13,2,0
1261,9/6/1990,0,16,10,2,0
1262,9/6/1990,0,18,12,2,0
1263,9/6/1990,0,3,2,2,0
1264,9/6/1990,0,4,6,2,0
1265,9/6/1990,0,7,8,2,0
1266,9/7/1990,0,1,11,2,0
1267,9/7/1990,0,12,16,2,0
1268,9/7/1990,0,13,3,2,0
1269,9/7/1990,0,15,8,2,0
1270,9/7/1990,0,4,14,2,0
1271,9/7/1990,0,5,18,2,0
1272,9/7/1990,0,6,17,2,0
1273,9/7/1990,0,7,2,2,0
1274,9/7/1990,0,9,10,2,0
1275,9/8/1990,0,1,11,2,0
1276,9/8/1990,0,12,16,2,0
1277,9/8/1990,0,13,3,2,0
1278,9/8/1990,0,15,8,2,0
1279,9/8/1990,0,4,14,2,0
1280,9/8/1990,0,5,18,2,0
1281,9/8/1990,0,6,17,2,0
1282,9/8/1990,0,7,2,2,0
1283,9/8/1990,0,9,10,2,0
1284,9/9/1990,0,1,11,2,0
1285,9/9/1990,0,12,16,2,0
1286,9/9/1990,0,13,3,2,0
1287,9/9/1990,0,15,8,2,0
1288,9/9/1990,0,4,14,2,0
1289,9/9/1990,0,5,18,2,0
1290,9/9/1990,0,6,17,2,0
1291,9/9/1990,0,7,2,2,0
1292,9/9/1990,0,9,10,2,0
1293,9/10/1990,0,10,13,2,0
1294,9/10/1990,0,11,6,2,0
1295,9/10/1990,0,12,18,2,0
1296,9/10/1990,0,14,7,2,0
1297,9/11/1990,0,1,3,2,0
1298,9/11/1990,0,10,13,2,0
1299,9/11/1990,0,11,6,2,0
1300,9/11/1990,0,12,18,2,0
1301,9/11/1990,0,14,7,2,0
1302,9/11/1990,0,17,2,2,0
1303,9/11/1990,0,4,15,2,0
1304,9/11/1990,0,5,8,2,0
1305,9/11/1990,0,9,16,2,0
1306,9/12/1990,0,1,3,2,0
1307,9/12/1990,0,10,13,2,0
1308,9/12/1990,0,11,6,2,0
1309,9/12/1990,0,12,18,2,0
1310,9/12/1990,0,14,7,2,0
1311,9/12/1990,0,17,2,2,0
1312,9/12/1990,0,4,15,2,0
1313,9/12/1990,0,5,8,2,0
1314,9/12/1990,0,9,16,2,0
1315,9/13/1990,0,1,3,2,0
1316,9/13/1990,0,14,7,2,0
1317,9/13/1990,0,17,2,2,0
1318,9/13/1990,0,4,15,2,0
1319,9/13/1990,0,5,8,2,0
1320,9/13/1990,0,9,16,2,0
1321,9/14/1990,0,1,15,2,0
1322,9/14/1990,0,11,13,2,0
1323,9/14/1990,0,14,4,2,0
1324,9/14/1990,0,16,18,2,0
1325,9/14/1990,0,17,10,2,0
1326,9/14/1990,0,2,3,2,0
1327,9/14/1990,0,6,5,2,0
1328,9/14/1990,0,8,7,2,0
1329,9/14/1990,0,9,12,2,0
1330,9/15/1990,0,1,15,2,0
1331,9/15/1990,0,11,13,2,0
1332,9/15/1990,0,14,4,2,0
1333,9/15/1990,0,16,18,2,0
1334,9/15/1990,0,17,10,2,0
1335,9/15/1990,0,2,3,2,0
1336,9/15/1990,0,6,5,2,0
1337,9/15/1990,0,8,7,2,0
1338,9/15/1990,0,9,12,2,0
1339,9/16/1990,0,1,15,2,0
1340,9/16/1990,0,11,13,2,0
1341,9/16/1990,0,14,4,2,0
1342,9/16/1990,0,16,18,2,0
1343,9/16/1990,0,17,10,2,0
1344,9/16/1990,0,2,3,2,0
1345,9/16/1990,0,6,5,2,0
1346,9/16/1990,0,8,7,2,0
1347,9/16/1990,0,9,12,2,0
1348,9/17/1990,0,13,6,2,0
1349,9/17/1990,0,2,15,2,0
1350,9/17/1990,0,8,17,2,0
1351,9/18/1990,0,10,11,2,0
1352,9/18/1990,0,12,4,2,0
1353,9/18/1990,0,13,6,2,0
1354,9/18/1990,0,16,1,2,0
1355,9/18/1990,0,18,5,2,0
1356,9/18/1990,0,2,15,2,0
1357,9/18/1990,0,3,14,2,0
1358,9/18/1990,0,7,9,2,0
1359,9/18/1990,0,8,17,2,0
1360,9/19/1990,0,10,11,2,0
1361,9/19/1990,0,12,4,2,0
1362,9/19/1990,0,13,6,2,0
1363,9/19/1990,0,16,1,2,0
1364,9/19/1990,0,18,5,2,0
1365,9/19/1990,0,2,15,2,0
1366,9/19/1990,0,3,14,2,0
1367,9/19/1990,0,7,9,2,0
1368,9/19/1990,0,8,17,2,0
1369,9/20/1990,0,10,11,2,0
1370,9/20/1990,0,12,4,2,0
1371,9/20/1990,0,13,8,2,0
1372,9/20/1990,0,16,1,2,0
1373,9/20/1990,0,18,5,2,0
1374,9/20/1990,0,2,15,2,0
1375,9/20/1990,0,3,14,2,0
1376,9/20/1990,0,7,9,2,0
1377,9/21/1990,0,10,17,2,0
1378,9/21/1990,0,11,7,2,0
1379,9/21/1990,0,13,8,2,0
1380,9/21/1990,0,14,2,2,0
1381,9/21/1990,0,15,18,2,0
1382,9/21/1990,0,16,3,2,0
1383,9/21/1990,0,5,12,2,0
1384,9/21/1990,0,6,4,2,0
1385,9/21/1990,0,9,1,2,0
1386,9/22/1990,0,10,17,2,0
1387,9/22/1990,0,11,7,2,0
1388,9/22/1990,0,13,8,2,0
1389,9/22/1990,0,14,2,2,0
1390,9/22/1990,0,15,18,2,0
1391,9/22/1990,0,16,3,2,0
1392,9/22/1990,0,5,12,2,0
1393,9/22/1990,0,6,4,2,0
1394,9/22/1990,0,9,1,2,0
1395,9/23/1990,0,10,17,2,0
1396,9/23/1990,0,11,7,2,0
1397,9/23/1990,0,13,8,2,0
1398,9/23/1990,0,14,2,2,0
1399,9/23/1990,0,15,18,2,0
1400,9/23/1990,0,16,3,2,0
1401,9/23/1990,0,5,12,2,0
1402,9/23/1990,0,6,4,2,0
1403,9/23/1990,0,9,1,2,0
1404,9/24/1990,0,1,7,2,0
1405,9/24/1990,0,14,10,2,0
1406,9/24/1990,0,2,17,2,0
1407,9/24/1990,0,9,13,2,0
1408,9/25/1990,0,1,7,2,0
1409,9/25/1990,0,12,3,2,0
1410,9/25/1990,0,14,10,2,0
1411,9/25/1990,0,15,16,2,0
1412,9/25/1990,0,18,11,2,0
1413,9/25/1990,0,2,17,2,0
1414,9/25/1990,0,4,5,2,0
1415,9/25/1990,0,6,8,2,0
1416,9/25/1990,0,9,13,2,0
1417,9/26/1990,0,1,7,2,0
1418,9/26/1990,0,12,3,2,0
1419,9/26/1990,0,14,10,2,0
1420,9/26/1990,0,15,16,2,0
1421,9/26/1990,0,18,11,2,0
1422,9/26/1990,0,2,17,2,0
1423,9/26/1990,0,4,5,2,0
1424,9/26/1990,0,6,8,2,0
1425,9/26/1990,0,9,13,2,0
1426,9/27/1990,0,12,3,2,0
1427,9/27/1990,0,15,16,2,0
1428,9/27/1990,0,17,1,2,0
1429,9/27/1990,0,18,11,2,0
1430,9/27/1990,0,4,5,2,0
1431,9/27/1990,0,6,8,2,0
1432,9/28/1990,0,11,14,2,0
1433,9/28/1990,0,13,12,2,0
1434,9/28/1990,0,17,1,2,0
1435,9/28/1990,0,18,9,2,0
1436,9/28/1990,0,3,6,2,0
1437,9/28/1990,0,4,10,2,0
1438,9/28/1990,0,5,2,2,0
1439,9/28/1990,0,7,16,2,0
1440,9/28/1990,0,8,15,2,0
1441,9/29/1990,0,11,14,2,0
1442,9/29/1990,0,13,12,2,0
1443,9/29/1990,0,17,1,2,0
1444,9/29/1990,0,18,9,2,0
1445,9/29/1990,0,3,6,2,0
1446,9/29/1990,0,4,10,2,0
1447,9/29/1990,0,5,2,2,0
1448,9/29/1990,0,7,16,2,0
1449,9/29/1990,0,8,15,2,0
1450,9/30/1990,0,11,14,2,0
1451,9/30/1990,0,13,12,2,0
1452,9/30/1990,0,17,1,2,0
1453,9/30/1990,0,18,9,2,0
1454,9/30/1990,0,3,6,2,0
1455,9/30/1990,0,4,10,2,0
1456,9/30/1990,0,5,2,2,0
1457,9/30/1990,0,7,16,2,0
1458,9/30/1990,0,8,15,2,0
